116 4 206
295 4 821
667 4 206
295 4 94
569 4 206
144 4 393
144 4 551
172 4 38
667 4 38
144 4 419
172 4 637
295 4 411
172 4 518
295 4 533
295 4 379
172 4 594
667 4 837
295 4 419
569 4 680
172 4 875
172 4 997
116 4 741
667 4 680
569 4 837
144 4 821
295 4 680
295 4 206
569 4 551
116 4 821
172 4 741
569 4 393
667 4 821
667 4 551
116 4 551
144 4 38
667 4 393
667 4 94
569 4 821
116 4 393
144 4 837
295 4 551
295 4 38
667 4 419
116 4 837
295 4 837
667 4 533
667 4 379
144 4 680
116 4 680
569 4 411
569 4 533
569 4 379
569 4 38
116 4 94
144 4 206
569 4 419
295 4 393
172 4 206
295 4 741
667 4 411
144 4 594
116 4 411
116 4 533
116 4 379
172 4 680
144 4 875
144 4 997
144 4 637
569 4 94
144 4 94
172 4 837
667 4 637
172 4 551
667 4 518
116 4 419
667 4 875
667 4 997
116 4 38
569 4 637
172 4 393
569 4 875
569 4 997
144 4 741
569 4 518
569 4 594
172 4 821
116 4 594
569 4 741
667 4 594
144 4 411
144 4 533
144 4 379
144 4 518
295 4 594
172 4 419
172 4 94
116 4 875
295 4 875
116 4 997
295 4 997
116 4 518
295 4 518
172 4 411
172 4 533
172 4 379
116 4 637
295 4 637
667 4 741
--------------------------------------
116 4 206
295 4 821
954 2 428
667 4 206
295 4 94
569 4 206
467 2 121
144 4 393
144 4 551
954 2 674
172 4 38
467 2 646
667 4 38
144 4 419
172 4 637
954 2 718
295 4 411
172 4 518
295 4 533
295 4 379
172 4 594
667 4 837
295 4 419
569 4 680
172 4 875
172 4 997
954 2 561
467 2 372
954 2 163
116 4 741
667 4 680
569 4 837
144 4 821
295 4 680
295 4 206
569 4 551
954 2 724
116 4 821
172 4 741
569 4 393
667 4 821
667 4 551
116 4 551
144 4 38
667 4 393
667 4 94
569 4 821
116 4 393
144 4 837
295 4 551
295 4 38
667 4 419
116 4 837
295 4 837
667 4 533
667 4 379
144 4 680
116 4 680
569 4 411
569 4 533
569 4 379
569 4 38
116 4 94
144 4 206
569 4 419
295 4 393
467 2 355
467 2 872
467 2 991
172 4 206
467 2 718
295 4 741
467 2 561
954 2 991
467 2 163
667 4 411
144 4 594
116 4 411
116 4 533
116 4 379
467 2 53
172 4 680
954 2 355
954 2 872
144 4 875
144 4 997
144 4 637
569 4 94
144 4 94
172 4 837
467 2 724
667 4 637
172 4 551
667 4 518
116 4 419
667 4 875
667 4 997
116 4 38
569 4 637
954 2 121
172 4 393
569 4 875
569 4 997
954 2 53
144 4 741
569 4 518
569 4 594
954 2 646
172 4 821
116 4 594
954 2 372
569 4 741
667 4 594
144 4 411
144 4 533
144 4 379
144 4 518
295 4 594
172 4 419
172 4 94
467 2 428
116 4 875
295 4 875
116 4 997
295 4 997
116 4 518
295 4 518
172 4 411
172 4 533
172 4 379
116 4 637
295 4 637
667 4 741
467 2 674
--------------------------------------
587 5 475
587 5 354
587 5 479
300 5 104
116 4 206
428 5 263
954 2 428
428 5 261
144 4 551
954 2 674
172 4 38
467 2 646
587 5 902
144 4 419
300 5 475
300 5 354
172 4 637
295 4 411
172 4 518
300 5 479
295 4 533
587 5 104
667 4 837
295 4 419
172 4 875
172 4 997
954 2 561
428 5 268
300 5 902
569 4 837
428 5 827
300 5 123
295 4 680
300 5 242
300 5 248
587 5 456
300 5 246
295 4 206
172 4 741
428 5 242
569 4 393
428 5 483
300 5 483
667 4 821
116 4 551
428 5 475
428 5 354
667 4 393
667 4 94
428 5 479
569 4 821
428 5 4
587 5 328
295 4 551
587 5 201
295 4 38
667 4 379
428 5 246
144 4 680
116 4 680
428 5 123
569 4 379
428 5 248
569 4 38
116 4 94
144 4 206
467 2 872
467 2 991
428 5 926
300 5 926
295 4 741
300 5 543
587 5 4
467 2 561
144 4 594
116 4 379
467 2 53
954 2 355
428 5 456
300 5 779
587 5 827
587 5 263
569 4 94
172 4 837
587 5 268
300 5 4
300 5 433
587 5 261
569 4 637
954 2 121
172 4 393
569 4 875
569 4 997
954 2 53
428 5 104
300 5 428
428 5 902
569 4 518
300 5 201
172 4 821
116 4 594
428 5 433
954 2 372
569 4 741
667 4 594
144 4 379
587 5 926
587 5 483
587 5 242
587 5 123
587 5 246
467 2 428
587 5 248
300 5 456
295 4 875
295 4 997
295 4 518
172 4 379
295 4 637
428 5 201
428 5 328
300 5 328
467 2 674
295 4 821
667 4 206
300 5 184
295 4 94
569 4 206
467 2 121
144 4 393
428 5 779
667 4 38
954 2 718
295 4 379
172 4 594
569 4 680
587 5 184
428 5 543
467 2 372
954 2 163
116 4 741
667 4 680
428 5 428
144 4 821
300 5 644
569 4 551
954 2 724
116 4 821
587 5 174
667 4 551
144 4 38
116 4 393
144 4 837
667 4 419
116 4 837
295 4 837
667 4 533
428 5 890
300 5 890
569 4 411
569 4 533
428 5 644
300 5 406
428 5 406
428 5 647
300 5 647
569 4 419
295 4 393
467 2 355
587 5 837
172 4 206
467 2 718
587 5 433
300 5 268
300 5 263
428 5 184
300 5 261
954 2 991
467 2 163
667 4 411
116 4 411
116 4 533
172 4 680
954 2 872
144 4 875
587 5 428
144 4 997
144 4 637
144 4 94
587 5 543
467 2 724
667 4 637
172 4 551
667 4 518
116 4 419
667 4 875
667 4 997
116 4 38
144 4 741
587 5 779
300 5 827
587 5 890
569 4 594
954 2 646
144 4 411
428 5 837
587 5 647
144 4 533
587 5 406
300 5 837
144 4 518
295 4 594
172 4 419
172 4 94
587 5 644
116 4 875
116 4 997
116 4 518
172 4 411
300 5 174
172 4 533
116 4 637
428 5 174
667 4 741
--------------------------------------
587 5 475
587 5 354
587 5 479
116 4 206
826 4 433
826 4 555
87 4 269
172 4 38
467 2 646
87 4 11
783 4 433
783 4 555
172 4 637
295 4 411
172 4 518
295 4 533
587 5 104
667 4 837
295 4 419
172 4 875
172 4 997
392 4 463
392 4 342
300 5 902
783 4 429
428 5 827
87 4 492
295 4 680
87 4 170
783 4 641
587 5 456
783 4 644
295 4 206
172 4 741
569 4 393
667 4 821
116 4 551
522 4 11
392 4 555
392 4 433
428 5 4
587 5 328
295 4 551
587 5 201
826 4 463
826 4 342
116 4 680
569 4 379
467 2 872
467 2 991
428 5 926
300 5 926
295 4 741
587 5 4
783 4 463
783 4 342
392 4 492
467 2 561
116 4 379
522 4 170
587 5 263
172 4 837
587 5 268
300 5 4
587 5 261
392 4 269
954 2 53
826 4 492
428 5 902
783 4 81
172 4 821
116 4 594
587 5 483
587 5 242
587 5 123
587 5 246
222 4 11
467 2 428
587 5 248
222 4 170
295 4 875
295 4 997
295 4 518
295 4 637
826 4 269
87 4 81
467 2 674
826 4 712
295 4 821
222 4 269
667 4 206
295 4 94
467 2 121
144 4 393
392 4 731
402 4 618
392 4 735
402 4 735
392 4 618
783 4 938
826 4 604
402 4 874
826 4 966
783 4 712
172 4 594
587 5 184
467 2 372
954 2 163
116 4 741
667 4 680
402 4 506
392 4 506
783 4 948
402 4 641
522 4 948
826 4 735
300 5 644
826 4 618
116 4 821
587 5 174
826 4 731
667 4 551
144 4 38
392 4 712
402 4 754
826 4 506
522 4 938
222 4 492
667 4 419
116 4 837
295 4 837
667 4 533
300 5 890
300 5 406
392 4 604
392 4 966
300 5 647
467 2 355
402 4 644
172 4 206
222 4 463
222 4 342
826 4 754
428 5 184
826 4 874
467 2 163
667 4 411
116 4 411
116 4 533
402 4 938
172 4 680
783 4 618
783 4 874
144 4 94
783 4 754
667 4 637
172 4 551
826 4 641
667 4 518
116 4 419
826 4 644
667 4 875
667 4 997
116 4 38
392 4 429
402 4 948
783 4 506
300 5 827
783 4 966
222 4 81
392 4 754
392 4 874
300 5 837
402 4 712
826 4 429
783 4 731
402 4 731
172 4 419
783 4 735
172 4 94
116 4 875
116 4 997
116 4 518
172 4 411
172 4 533
116 4 637
428 5 174
392 4 641
667 4 741
392 4 644
402 4 604
783 4 604
402 4 966
402 4 463
402 4 342
300 5 104
428 5 263
954 2 428
428 5 261
87 4 948
144 4 551
954 2 674
587 5 902
144 4 419
300 5 475
300 5 354
402 4 11
300 5 479
222 4 555
222 4 433
87 4 938
954 2 561
428 5 268
222 4 429
522 4 641
522 4 644
569 4 837
300 5 123
522 4 429
300 5 242
300 5 248
300 5 246
222 4 644
428 5 242
428 5 483
300 5 483
222 4 641
428 5 475
428 5 354
87 4 604
87 4 966
667 4 393
667 4 94
428 5 479
569 4 821
522 4 433
522 4 555
295 4 38
402 4 492
667 4 379
428 5 246
144 4 680
428 5 123
87 4 712
428 5 248
569 4 38
116 4 94
144 4 206
300 5 543
522 4 966
522 4 604
826 4 11
87 4 506
144 4 594
222 4 618
467 2 53
954 2 355
428 5 456
522 4 731
300 5 779
392 4 938
587 5 827
569 4 94
402 4 555
402 4 433
522 4 712
300 5 433
222 4 754
222 4 874
87 4 618
569 4 637
954 2 121
87 4 735
172 4 393
569 4 875
222 4 506
569 4 997
428 5 104
87 4 731
300 5 428
402 4 429
569 4 518
392 4 948
522 4 506
300 5 201
826 4 938
222 4 966
428 5 433
954 2 372
569 4 741
87 4 644
667 4 594
87 4 641
522 4 874
144 4 379
522 4 754
587 5 926
522 4 618
522 4 735
300 5 456
826 4 948
222 4 735
392 4 11
222 4 731
172 4 379
428 5 201
87 4 754
87 4 874
222 4 604
428 5 328
300 5 328
783 4 269
392 4 170
300 5 184
569 4 206
87 4 429
522 4 492
222 4 938
402 4 81
428 5 779
667 4 38
954 2 718
295 4 379
222 4 712
569 4 680
428 5 543
826 4 170
222 4 948
392 4 81
428 5 428
144 4 821
569 4 551
954 2 724
116 4 393
144 4 837
783 4 492
428 5 890
569 4 411
569 4 533
428 5 644
87 4 555
87 4 433
428 5 406
522 4 269
428 5 647
569 4 419
295 4 393
587 5 837
467 2 718
402 4 269
587 5 433
300 5 268
300 5 263
300 5 261
954 2 991
954 2 872
144 4 875
587 5 428
87 4 463
87 4 342
144 4 997
144 4 637
587 5 543
467 2 724
826 4 81
522 4 81
144 4 741
587 5 779
587 5 890
569 4 594
954 2 646
144 4 411
428 5 837
587 5 647
144 4 533
587 5 406
144 4 518
295 4 594
783 4 11
587 5 644
402 4 170
783 4 170
300 5 174
522 4 463
522 4 342
--------------------------------------
587 5 475
587 5 354
549 0 158
587 5 479
116 4 206
549 0 53
514 0 893
826 4 433
826 4 555
82 0 24
87 4 269
172 4 38
467 2 646
243 0 627
87 4 11
783 4 433
783 4 555
172 4 637
549 0 263
295 4 411
172 4 518
295 4 533
587 5 104
960 0 162
667 4 837
295 4 419
514 0 421
172 4 875
172 4 997
392 4 463
392 4 342
300 5 902
783 4 429
428 5 827
87 4 492
243 0 513
295 4 680
87 4 170
549 0 493
783 4 641
549 0 499
587 5 456
783 4 644
295 4 206
514 0 513
172 4 741
569 4 393
667 4 821
116 4 551
522 4 11
817 0 203
514 0 627
392 4 555
392 4 433
428 5 4
587 5 328
295 4 551
587 5 201
549 0 244
549 0 24
82 0 701
826 4 463
826 4 342
360 0 24
82 0 706
808 0 706
116 4 680
817 0 458
817 0 214
808 0 701
569 4 379
817 0 695
960 0 182
243 0 617
82 0 53
467 2 872
82 0 8
467 2 991
428 5 926
300 5 926
243 0 53
295 4 741
514 0 458
514 0 214
587 5 4
783 4 463
783 4 342
514 0 695
392 4 492
360 0 53
467 2 561
360 0 162
243 0 421
116 4 379
817 0 421
817 0 8
522 4 170
587 5 263
172 4 837
587 5 268
300 5 4
323 0 24
587 5 261
549 0 182
392 4 269
954 2 53
826 4 492
428 5 902
323 0 53
783 4 81
172 4 821
116 4 594
360 0 182
587 5 483
587 5 242
587 5 123
587 5 246
222 4 11
467 2 428
587 5 248
222 4 170
295 4 875
514 0 203
295 4 997
295 4 518
549 0 162
295 4 637
826 4 269
87 4 81
243 0 893
817 0 893
467 2 674
514 0 493
826 4 712
960 0 695
295 4 821
514 0 499
222 4 269
960 0 458
960 0 214
667 4 206
295 4 94
467 2 121
144 4 393
360 0 244
392 4 731
402 4 618
392 4 735
402 4 735
392 4 618
783 4 938
817 0 627
826 4 604
514 0 263
402 4 874
826 4 966
783 4 712
172 4 594
360 0 499
587 5 184
960 0 203
360 0 493
467 2 372
954 2 163
817 0 513
116 4 741
667 4 680
402 4 506
392 4 506
783 4 948
808 0 203
323 0 893
402 4 641
522 4 948
826 4 735
300 5 644
826 4 618
960 0 8
243 0 8
323 0 617
116 4 821
587 5 174
826 4 731
667 4 551
243 0 203
144 4 38
323 0 627
360 0 263
392 4 712
402 4 754
243 0 24
808 0 893
826 4 506
522 4 938
222 4 492
360 0 158
667 4 419
116 4 837
295 4 837
667 4 533
300 5 890
514 0 244
243 0 214
323 0 513
243 0 695
300 5 406
392 4 604
392 4 966
300 5 647
467 2 355
402 4 644
817 0 617
243 0 458
808 0 421
172 4 206
222 4 463
222 4 342
960 0 499
960 0 493
360 0 203
826 4 754
428 5 184
826 4 874
817 0 701
467 2 163
667 4 411
116 4 411
116 4 533
402 4 938
172 4 680
243 0 263
783 4 618
808 0 513
817 0 706
82 0 162
783 4 874
144 4 94
960 0 244
514 0 182
783 4 754
667 4 637
172 4 551
826 4 641
360 0 214
667 4 518
116 4 419
826 4 644
667 4 875
667 4 997
360 0 458
116 4 38
243 0 158
360 0 695
392 4 429
402 4 948
783 4 506
808 0 53
300 5 827
960 0 158
783 4 966
808 0 24
514 0 158
222 4 81
808 0 617
323 0 8
243 0 244
392 4 754
323 0 701
392 4 874
82 0 182
300 5 837
402 4 712
826 4 429
783 4 731
402 4 731
514 0 162
172 4 419
960 0 263
783 4 735
172 4 94
243 0 493
323 0 706
116 4 875
116 4 997
116 4 518
172 4 411
172 4 533
116 4 637
428 5 174
392 4 641
243 0 499
667 4 741
392 4 644
808 0 627
402 4 604
783 4 604
402 4 966
808 0 162
402 4 463
402 4 342
300 5 104
960 0 617
960 0 24
243 0 182
428 5 263
954 2 428
428 5 261
87 4 948
82 0 244
817 0 53
144 4 551
954 2 674
549 0 701
808 0 158
587 5 902
549 0 706
323 0 244
144 4 419
300 5 475
300 5 354
402 4 11
300 5 479
222 4 555
222 4 433
87 4 938
954 2 561
428 5 268
82 0 493
323 0 499
360 0 893
222 4 429
82 0 499
522 4 641
522 4 644
323 0 493
569 4 837
300 5 123
522 4 429
300 5 242
808 0 263
300 5 248
300 5 246
243 0 162
222 4 644
360 0 421
428 5 242
960 0 513
428 5 483
300 5 483
222 4 641
82 0 263
428 5 475
428 5 354
87 4 604
87 4 966
667 4 393
667 4 94
428 5 479
569 4 821
808 0 499
522 4 433
522 4 555
960 0 627
295 4 38
402 4 492
667 4 379
428 5 246
144 4 680
428 5 123
87 4 712
428 5 248
82 0 158
569 4 38
116 4 94
144 4 206
514 0 24
960 0 893
300 5 543
522 4 966
522 4 604
826 4 11
323 0 203
87 4 506
144 4 594
222 4 618
467 2 53
954 2 355
428 5 456
82 0 203
522 4 731
300 5 779
392 4 938
587 5 827
549 0 627
569 4 94
402 4 555
360 0 617
808 0 493
402 4 433
522 4 712
300 5 433
222 4 754
222 4 874
960 0 53
87 4 618
323 0 214
569 4 637
323 0 458
954 2 121
87 4 735
82 0 695
172 4 393
569 4 875
222 4 506
569 4 997
428 5 104
87 4 731
82 0 214
300 5 428
402 4 429
569 4 518
549 0 617
392 4 948
808 0 244
323 0 695
522 4 506
300 5 201
360 0 627
826 4 938
222 4 966
82 0 458
428 5 433
954 2 372
514 0 53
569 4 741
87 4 644
667 4 594
87 4 641
808 0 214
522 4 874
144 4 379
522 4 754
808 0 458
587 5 926
323 0 421
808 0 695
960 0 421
522 4 618
522 4 735
300 5 456
826 4 948
222 4 735
392 4 11
222 4 731
172 4 379
360 0 513
428 5 201
87 4 754
87 4 874
222 4 604
428 5 328
300 5 328
783 4 269
808 0 8
392 4 170
82 0 513
300 5 184
569 4 206
87 4 429
522 4 492
222 4 938
402 4 81
428 5 779
667 4 38
954 2 718
295 4 379
549 0 421
222 4 712
569 4 680
428 5 543
826 4 170
222 4 948
82 0 893
392 4 81
428 5 428
549 0 8
144 4 821
360 0 706
323 0 182
549 0 893
569 4 551
954 2 724
360 0 701
82 0 421
116 4 393
144 4 837
360 0 8
783 4 492
428 5 890
817 0 182
514 0 8
569 4 411
569 4 533
428 5 644
87 4 555
87 4 433
428 5 406
522 4 269
428 5 647
549 0 513
569 4 419
295 4 393
587 5 837
467 2 718
402 4 269
587 5 433
300 5 268
300 5 263
300 5 261
954 2 991
954 2 872
323 0 162
243 0 706
144 4 875
587 5 428
87 4 463
87 4 342
144 4 997
144 4 637
243 0 701
587 5 543
467 2 724
817 0 162
817 0 24
826 4 81
522 4 81
514 0 617
817 0 158
144 4 741
587 5 779
549 0 458
587 5 890
549 0 214
549 0 695
808 0 182
569 4 594
954 2 646
817 0 493
82 0 617
514 0 706
960 0 706
817 0 244
514 0 701
144 4 411
428 5 837
587 5 647
323 0 263
144 4 533
587 5 406
144 4 518
295 4 594
783 4 11
549 0 203
587 5 644
402 4 170
783 4 170
817 0 263
300 5 174
960 0 701
82 0 627
323 0 158
817 0 499
522 4 463
522 4 342
--------------------------------------
587 5 475
587 5 354
549 0 158
587 5 479
116 4 206
549 0 53
514 0 893
826 4 433
952 9 917
159 9 547
826 4 555
82 0 24
87 4 269
172 4 38
467 2 646
243 0 627
87 4 11
783 4 433
783 4 555
172 4 637
549 0 263
295 4 411
172 4 518
295 4 533
587 5 104
960 0 162
477 9 917
667 4 837
295 4 419
514 0 421
172 4 875
172 4 997
392 4 463
392 4 342
300 5 902
783 4 429
428 5 827
87 4 492
243 0 513
295 4 680
87 4 170
549 0 493
783 4 641
549 0 499
587 5 456
783 4 644
913 9 344
295 4 206
514 0 513
159 9 883
172 4 741
340 9 344
952 9 816
569 4 393
667 4 821
116 4 551
522 4 11
817 0 203
514 0 627
392 4 555
159 9 891
392 4 433
159 9 771
428 5 4
587 5 328
295 4 551
477 9 816
587 5 201
549 0 244
549 0 24
82 0 701
826 4 463
826 4 342
360 0 24
159 9 778
82 0 706
808 0 706
116 4 680
817 0 458
817 0 214
808 0 701
569 4 379
817 0 695
960 0 182
243 0 617
82 0 53
467 2 872
82 0 8
467 2 991
428 5 926
300 5 926
243 0 53
295 4 741
514 0 458
514 0 214
946 9 917
587 5 4
783 4 463
783 4 342
514 0 695
392 4 492
360 0 53
467 2 561
360 0 162
243 0 421
116 4 379
817 0 421
817 0 8
780 9 297
522 4 170
587 5 263
159 9 638
172 4 837
587 5 268
300 5 4
323 0 24
587 5 261
549 0 182
340 9 297
392 4 269
954 2 53
826 4 492
428 5 902
323 0 53
783 4 81
172 4 821
116 4 594
360 0 182
780 9 277
587 5 483
587 5 242
587 5 123
587 5 246
222 4 11
467 2 428
587 5 248
222 4 170
913 9 277
295 4 875
514 0 203
295 4 997
295 4 518
549 0 162
340 9 277
295 4 637
159 9 613
826 4 269
87 4 81
243 0 893
817 0 893
467 2 674
514 0 493
826 4 712
960 0 695
295 4 821
514 0 499
222 4 269
960 0 458
960 0 214
159 9 701
667 4 206
295 4 94
467 2 121
946 9 277
144 4 393
360 0 244
392 4 731
402 4 618
392 4 735
402 4 735
392 4 618
783 4 938
817 0 627
826 4 604
514 0 263
402 4 874
826 4 966
477 9 638
783 4 712
172 4 594
780 9 917
360 0 499
913 9 613
587 5 184
960 0 203
159 9 712
360 0 493
467 2 372
954 2 163
817 0 513
116 4 741
667 4 680
402 4 506
392 4 506
783 4 948
808 0 203
323 0 893
402 4 641
522 4 948
826 4 735
300 5 644
826 4 618
960 0 8
243 0 8
323 0 617
116 4 821
477 9 883
587 5 174
826 4 731
667 4 551
243 0 203
144 4 38
477 9 771
323 0 627
477 9 891
360 0 263
392 4 712
402 4 754
243 0 24
808 0 893
826 4 506
522 4 938
159 9 816
222 4 492
360 0 158
667 4 419
116 4 837
295 4 837
667 4 533
300 5 890
514 0 244
913 9 638
477 9 778
243 0 214
323 0 513
243 0 695
300 5 406
392 4 604
392 4 966
300 5 647
467 2 355
402 4 644
817 0 617
243 0 458
808 0 421
172 4 206
222 4 463
222 4 342
960 0 499
952 9 277
913 9 883
960 0 493
360 0 203
826 4 754
477 9 701
428 5 184
826 4 874
817 0 701
467 2 163
667 4 411
116 4 411
116 4 533
402 4 938
172 4 680
243 0 263
783 4 618
808 0 513
817 0 706
82 0 162
783 4 874
144 4 94
960 0 244
514 0 182
913 9 771
913 9 891
159 9 917
783 4 754
667 4 637
172 4 551
826 4 641
360 0 214
667 4 518
116 4 419
826 4 644
667 4 875
913 9 778
667 4 997
477 9 712
360 0 458
116 4 38
243 0 158
360 0 695
392 4 429
402 4 948
783 4 506
808 0 53
300 5 827
960 0 158
783 4 966
808 0 24
514 0 158
222 4 81
913 9 547
808 0 617
323 0 8
946 9 297
243 0 244
392 4 754
323 0 701
392 4 874
82 0 182
300 5 837
402 4 712
826 4 429
783 4 731
402 4 731
514 0 162
172 4 419
960 0 263
783 4 735
172 4 94
243 0 493
323 0 706
116 4 875
116 4 997
116 4 518
172 4 411
172 4 533
116 4 637
428 5 174
477 9 613
392 4 641
243 0 499
667 4 741
392 4 644
808 0 627
402 4 604
783 4 604
402 4 966
952 9 297
808 0 162
402 4 463
402 4 342
300 5 104
960 0 617
960 0 24
243 0 182
477 9 344
428 5 263
954 2 428
428 5 261
87 4 948
82 0 244
817 0 53
780 9 891
144 4 551
954 2 674
780 9 771
549 0 701
808 0 158
587 5 902
549 0 706
323 0 244
340 9 917
144 4 419
300 5 475
300 5 354
952 9 344
402 4 11
300 5 479
222 4 555
222 4 433
780 9 638
87 4 938
954 2 561
428 5 268
82 0 493
323 0 499
360 0 893
780 9 883
222 4 429
82 0 499
522 4 641
522 4 644
323 0 493
569 4 837
300 5 123
522 4 429
300 5 242
808 0 263
300 5 248
300 5 246
243 0 162
222 4 644
360 0 421
428 5 242
960 0 513
428 5 483
300 5 483
222 4 641
82 0 263
428 5 475
428 5 354
87 4 604
87 4 966
667 4 393
946 9 778
667 4 94
428 5 479
569 4 821
808 0 499
522 4 433
522 4 555
946 9 891
946 9 771
960 0 627
295 4 38
402 4 492
667 4 379
780 9 613
428 5 246
144 4 680
428 5 123
913 9 917
87 4 712
428 5 248
82 0 158
569 4 38
116 4 94
946 9 547
144 4 206
514 0 24
960 0 893
300 5 543
522 4 966
522 4 604
826 4 11
477 9 547
323 0 203
87 4 506
144 4 594
222 4 618
467 2 53
954 2 355
428 5 456
82 0 203
340 9 712
522 4 731
300 5 779
392 4 938
587 5 827
549 0 627
569 4 94
402 4 555
360 0 617
808 0 493
402 4 433
522 4 712
300 5 433
952 9 547
222 4 754
222 4 874
960 0 53
780 9 712
87 4 618
323 0 214
913 9 816
569 4 637
323 0 458
954 2 121
87 4 735
82 0 695
172 4 393
569 4 875
222 4 506
569 4 997
428 5 104
87 4 731
82 0 214
300 5 428
402 4 429
569 4 518
549 0 617
392 4 948
808 0 244
323 0 695
522 4 506
300 5 201
360 0 627
826 4 938
222 4 966
82 0 458
913 9 701
780 9 701
428 5 433
954 2 372
514 0 53
569 4 741
87 4 644
159 9 297
667 4 594
87 4 641
808 0 214
522 4 874
144 4 379
522 4 754
808 0 458
340 9 816
587 5 926
323 0 421
808 0 695
960 0 421
522 4 618
522 4 735
300 5 456
826 4 948
222 4 735
780 9 816
392 4 11
222 4 731
172 4 379
913 9 712
360 0 513
946 9 344
428 5 201
87 4 754
87 4 874
222 4 604
340 9 701
428 5 328
300 5 328
783 4 269
808 0 8
340 9 883
392 4 170
82 0 513
952 9 638
300 5 184
569 4 206
87 4 429
522 4 492
222 4 938
946 9 712
402 4 81
428 5 779
340 9 638
667 4 38
340 9 891
340 9 771
954 2 718
295 4 379
913 9 297
549 0 421
159 9 277
222 4 712
569 4 680
428 5 543
826 4 170
222 4 948
82 0 893
392 4 81
428 5 428
549 0 8
144 4 821
952 9 771
360 0 706
323 0 182
549 0 893
952 9 778
569 4 551
954 2 724
946 9 816
360 0 701
82 0 421
340 9 613
116 4 393
144 4 837
360 0 8
952 9 883
783 4 492
428 5 890
817 0 182
514 0 8
569 4 411
946 9 701
569 4 533
780 9 344
428 5 644
87 4 555
87 4 433
428 5 406
522 4 269
428 5 647
549 0 513
569 4 419
295 4 393
587 5 837
952 9 891
467 2 718
402 4 269
587 5 433
300 5 268
952 9 712
159 9 344
300 5 263
300 5 261
954 2 991
477 9 277
954 2 872
946 9 638
323 0 162
243 0 706
144 4 875
587 5 428
87 4 463
87 4 342
144 4 997
144 4 637
243 0 701
587 5 543
467 2 724
952 9 701
817 0 162
817 0 24
826 4 81
522 4 81
514 0 617
817 0 158
144 4 741
587 5 779
549 0 458
946 9 883
587 5 890
549 0 214
549 0 695
808 0 182
952 9 613
569 4 594
954 2 646
817 0 493
82 0 617
780 9 547
514 0 706
946 9 613
960 0 706
477 9 297
817 0 244
514 0 701
144 4 411
428 5 837
340 9 778
587 5 647
323 0 263
144 4 533
587 5 406
144 4 518
295 4 594
783 4 11
549 0 203
587 5 644
402 4 170
783 4 170
817 0 263
300 5 174
960 0 701
82 0 627
780 9 778
323 0 158
817 0 499
340 9 547
522 4 463
522 4 342
--------------------------------------
549 0 158
549 0 53
514 0 893
826 4 433
952 9 917
159 9 547
826 4 555
82 0 24
87 4 269
243 0 627
87 4 11
783 4 433
783 4 555
549 0 263
960 0 162
477 9 917
514 0 421
392 4 463
392 4 342
783 4 429
87 4 492
243 0 513
87 4 170
549 0 493
783 4 641
549 0 499
783 4 644
913 9 344
514 0 513
159 9 883
340 9 344
952 9 816
131 9 112
522 4 11
817 0 203
514 0 627
131 9 228
392 4 555
159 9 891
392 4 433
159 9 771
477 9 816
549 0 244
549 0 24
131 9 489
82 0 701
826 4 463
826 4 342
360 0 24
159 9 778
82 0 706
808 0 706
817 0 458
817 0 214
808 0 701
817 0 695
960 0 182
243 0 617
704 9 891
82 0 53
82 0 8
243 0 53
514 0 458
514 0 214
946 9 917
783 4 463
783 4 342
514 0 695
392 4 492
360 0 53
360 0 162
243 0 421
704 9 489
817 0 421
817 0 8
780 9 297
522 4 170
159 9 638
323 0 24
549 0 182
340 9 297
392 4 269
826 4 492
704 9 112
323 0 53
783 4 81
704 9 228
360 0 182
780 9 277
222 4 11
222 4 170
913 9 277
514 0 203
549 0 162
340 9 277
159 9 613
826 4 269
87 4 81
243 0 893
817 0 893
477 9 24
514 0 493
826 4 712
960 0 695
514 0 499
686 9 975
222 4 269
960 0 458
686 9 974
960 0 214
159 9 701
946 9 277
360 0 244
392 4 731
402 4 618
392 4 735
402 4 735
392 4 618
783 4 938
817 0 627
826 4 604
514 0 263
402 4 874
826 4 966
477 9 638
783 4 712
780 9 917
360 0 499
913 9 613
960 0 203
159 9 712
477 9 514
360 0 493
817 0 513
402 4 506
392 4 506
783 4 948
808 0 203
323 0 893
402 4 641
522 4 948
826 4 735
826 4 618
960 0 8
243 0 8
323 0 617
686 9 514
477 9 883
826 4 731
243 0 203
477 9 771
323 0 627
477 9 891
360 0 263
392 4 712
402 4 754
243 0 24
808 0 893
826 4 506
522 4 938
159 9 816
222 4 492
360 0 158
514 0 244
913 9 638
477 9 778
243 0 214
323 0 513
686 9 891
243 0 695
392 4 604
392 4 966
402 4 644
817 0 617
243 0 458
808 0 421
222 4 463
222 4 342
960 0 499
952 9 277
913 9 883
960 0 493
360 0 203
826 4 754
477 9 701
826 4 874
817 0 701
402 4 938
243 0 263
783 4 618
808 0 513
817 0 706
82 0 162
783 4 874
960 0 244
514 0 182
913 9 771
913 9 891
159 9 917
783 4 754
826 4 641
360 0 214
826 4 644
913 9 778
477 9 712
360 0 458
704 9 514
243 0 158
360 0 695
392 4 429
402 4 948
783 4 506
808 0 53
960 0 158
783 4 966
808 0 24
514 0 158
222 4 81
913 9 547
808 0 617
323 0 8
946 9 297
243 0 244
392 4 754
323 0 701
392 4 874
82 0 182
402 4 712
826 4 429
783 4 731
402 4 731
514 0 162
960 0 263
783 4 735
243 0 493
323 0 706
477 9 974
477 9 613
477 9 975
392 4 641
243 0 499
704 9 974
392 4 644
704 9 975
808 0 627
402 4 604
783 4 604
402 4 966
952 9 297
808 0 162
402 4 463
402 4 342
960 0 617
960 0 24
243 0 182
477 9 344
477 9 228
87 4 948
82 0 244
477 9 112
817 0 53
780 9 891
780 9 771
549 0 701
808 0 158
549 0 706
323 0 244
340 9 917
952 9 344
402 4 11
686 9 228
222 4 555
222 4 433
780 9 638
87 4 938
82 0 493
686 9 112
323 0 499
360 0 893
780 9 883
222 4 429
82 0 499
522 4 641
522 4 644
323 0 493
522 4 429
808 0 263
243 0 162
477 9 489
222 4 644
360 0 421
960 0 513
222 4 641
82 0 263
87 4 604
87 4 966
946 9 778
808 0 499
522 4 433
522 4 555
946 9 891
946 9 771
960 0 627
402 4 492
686 9 489
780 9 613
913 9 917
87 4 712
82 0 158
946 9 547
514 0 24
960 0 893
522 4 966
522 4 604
826 4 11
477 9 547
323 0 203
87 4 506
222 4 618
82 0 203
340 9 712
522 4 731
392 4 938
549 0 627
402 4 555
360 0 617
808 0 493
402 4 433
522 4 712
952 9 547
222 4 754
222 4 874
960 0 53
780 9 712
87 4 618
323 0 214
913 9 816
323 0 458
87 4 735
82 0 695
222 4 506
87 4 731
82 0 214
402 4 429
549 0 617
392 4 948
808 0 244
323 0 695
522 4 506
360 0 627
826 4 938
222 4 966
82 0 458
913 9 701
780 9 701
514 0 53
87 4 644
159 9 297
87 4 641
808 0 214
522 4 874
522 4 754
808 0 458
340 9 816
323 0 421
808 0 695
960 0 421
522 4 618
522 4 735
826 4 948
222 4 735
780 9 816
392 4 11
222 4 731
913 9 712
360 0 513
946 9 344
87 4 754
87 4 874
222 4 604
340 9 701
783 4 269
808 0 8
340 9 883
392 4 170
82 0 513
952 9 638
131 9 891
87 4 429
522 4 492
222 4 938
946 9 712
402 4 81
340 9 638
340 9 891
340 9 771
913 9 297
549 0 421
159 9 277
222 4 712
704 9 24
826 4 170
222 4 948
82 0 893
392 4 81
549 0 8
952 9 771
360 0 706
323 0 182
549 0 893
952 9 778
946 9 816
360 0 701
82 0 421
340 9 613
360 0 8
952 9 883
783 4 492
817 0 182
514 0 8
946 9 701
131 9 514
780 9 344
87 4 555
87 4 433
522 4 269
549 0 513
952 9 891
402 4 269
952 9 712
159 9 344
131 9 974
131 9 975
477 9 277
946 9 638
323 0 162
243 0 706
87 4 463
87 4 342
243 0 701
952 9 701
686 9 24
817 0 162
817 0 24
826 4 81
522 4 81
514 0 617
817 0 158
549 0 458
946 9 883
549 0 214
549 0 695
808 0 182
952 9 613
131 9 24
817 0 493
82 0 617
780 9 547
514 0 706
946 9 613
960 0 706
477 9 297
817 0 244
514 0 701
340 9 778
323 0 263
783 4 11
549 0 203
402 4 170
783 4 170
817 0 263
960 0 701
82 0 627
780 9 778
323 0 158
817 0 499
340 9 547
522 4 463
522 4 342
--------------------------------------
154 0 70
624 0 557
549 0 158
549 0 53
514 0 893
826 4 433
952 9 917
159 9 547
826 4 555
82 0 24
352 0 56
154 0 935
87 4 269
154 0 816
154 0 66
243 0 627
154 0 68
154 0 930
87 4 11
783 4 433
624 0 786
624 0 302
280 0 917
783 4 555
624 0 301
154 0 83
549 0 263
624 0 661
960 0 162
477 9 917
514 0 421
392 4 463
392 4 342
783 4 429
87 4 492
243 0 513
624 0 654
280 0 807
87 4 170
549 0 493
783 4 641
549 0 499
783 4 644
913 9 344
514 0 513
159 9 883
352 0 83
280 0 801
340 9 344
952 9 816
131 9 112
522 4 11
817 0 203
514 0 627
131 9 228
154 0 917
392 4 555
159 9 891
392 4 433
159 9 771
280 0 56
477 9 816
549 0 244
280 0 70
549 0 24
352 0 70
131 9 489
280 0 930
82 0 701
826 4 463
826 4 342
360 0 24
280 0 935
159 9 778
280 0 816
82 0 706
808 0 706
352 0 66
280 0 68
817 0 458
352 0 68
154 0 801
817 0 214
808 0 701
154 0 807
817 0 695
960 0 182
154 0 56
243 0 617
704 9 891
82 0 53
82 0 8
624 0 879
280 0 66
243 0 53
624 0 355
514 0 458
514 0 214
946 9 917
783 4 463
783 4 342
514 0 695
392 4 492
360 0 53
360 0 162
243 0 421
704 9 489
817 0 421
817 0 8
780 9 297
522 4 170
159 9 638
624 0 105
624 0 102
323 0 24
549 0 182
340 9 297
408 0 5
392 4 269
826 4 492
280 0 83
704 9 112
624 0 211
323 0 53
783 4 81
704 9 228
360 0 182
780 9 277
624 0 203
222 4 11
624 0 564
222 4 170
913 9 277
514 0 203
280 0 614
549 0 162
340 9 277
159 9 613
826 4 269
87 4 81
243 0 893
817 0 893
624 0 438
624 0 317
477 9 24
514 0 493
826 4 712
960 0 695
624 0 277
352 0 274
624 0 271
352 0 271
624 0 274
514 0 499
686 9 975
222 4 269
960 0 458
686 9 974
960 0 214
159 9 701
946 9 277
360 0 244
352 0 277
392 4 731
402 4 618
392 4 735
402 4 735
392 4 618
783 4 938
817 0 627
154 0 654
826 4 604
514 0 263
402 4 874
826 4 966
477 9 638
783 4 712
780 9 917
360 0 499
352 0 5
913 9 613
960 0 203
159 9 712
477 9 514
360 0 493
817 0 513
402 4 506
392 4 506
783 4 948
808 0 203
154 0 661
154 0 301
323 0 893
154 0 786
154 0 302
402 4 641
624 0 136
522 4 948
826 4 735
624 0 133
826 4 618
960 0 8
243 0 8
323 0 617
686 9 514
408 0 136
477 9 883
826 4 731
154 0 879
243 0 203
477 9 771
323 0 627
477 9 891
360 0 263
392 4 712
154 0 754
402 4 754
243 0 24
808 0 893
624 0 125
826 4 506
522 4 938
159 9 816
222 4 492
360 0 158
624 0 120
514 0 244
913 9 638
477 9 778
243 0 214
408 0 274
323 0 513
686 9 891
408 0 271
243 0 695
408 0 277
392 4 604
392 4 966
402 4 644
817 0 617
243 0 458
808 0 421
222 4 463
222 4 342
960 0 499
952 9 277
913 9 883
960 0 493
360 0 203
826 4 754
477 9 701
826 4 874
817 0 701
408 0 120
154 0 614
402 4 938
352 0 355
243 0 263
783 4 618
808 0 513
817 0 706
82 0 162
783 4 874
960 0 244
514 0 182
913 9 771
913 9 891
159 9 917
783 4 754
826 4 641
360 0 214
352 0 120
408 0 125
826 4 644
913 9 778
477 9 712
360 0 458
704 9 514
243 0 158
352 0 125
360 0 695
408 0 133
392 4 429
402 4 948
783 4 506
808 0 53
154 0 744
154 0 742
960 0 158
783 4 966
808 0 24
514 0 158
222 4 81
913 9 547
808 0 617
323 0 8
352 0 136
946 9 297
624 0 5
243 0 244
392 4 754
323 0 701
408 0 102
392 4 874
352 0 133
82 0 182
402 4 712
826 4 429
783 4 731
402 4 731
514 0 162
960 0 263
783 4 735
243 0 493
323 0 706
477 9 974
408 0 105
477 9 613
477 9 975
392 4 641
243 0 499
704 9 974
392 4 644
704 9 975
408 0 355
808 0 627
402 4 604
783 4 604
402 4 966
952 9 297
808 0 162
402 4 463
402 4 342
960 0 617
408 0 557
280 0 105
960 0 24
243 0 182
477 9 344
477 9 228
87 4 948
408 0 438
408 0 317
352 0 557
82 0 244
477 9 112
280 0 102
408 0 564
817 0 53
780 9 891
780 9 771
549 0 701
808 0 158
154 0 133
549 0 706
154 0 136
323 0 244
340 9 917
352 0 438
352 0 317
624 0 83
952 9 344
402 4 11
686 9 228
408 0 203
222 4 555
222 4 433
780 9 638
87 4 938
82 0 493
686 9 112
323 0 499
352 0 203
360 0 893
408 0 211
280 0 355
780 9 883
352 0 564
222 4 429
82 0 499
522 4 641
522 4 644
323 0 493
522 4 429
808 0 263
243 0 162
477 9 489
222 4 644
360 0 421
408 0 654
960 0 513
222 4 641
280 0 120
82 0 263
87 4 604
87 4 966
946 9 778
352 0 211
408 0 661
280 0 125
808 0 499
522 4 433
154 0 355
522 4 555
946 9 891
946 9 771
154 0 120
960 0 627
402 4 492
408 0 301
408 0 786
408 0 302
686 9 489
780 9 613
352 0 105
913 9 917
280 0 133
87 4 712
352 0 102
82 0 158
280 0 136
946 9 547
514 0 24
154 0 125
960 0 893
522 4 966
522 4 604
408 0 754
826 4 11
408 0 879
477 9 547
323 0 203
352 0 754
87 4 506
222 4 618
82 0 203
340 9 712
154 0 211
522 4 731
352 0 879
392 4 938
549 0 627
402 4 555
360 0 617
808 0 493
402 4 433
522 4 712
408 0 56
952 9 547
222 4 754
222 4 874
960 0 53
780 9 712
87 4 618
323 0 214
913 9 816
280 0 274
323 0 458
87 4 735
82 0 695
280 0 277
222 4 506
87 4 731
82 0 214
402 4 429
154 0 102
549 0 617
154 0 105
392 4 948
808 0 244
323 0 695
280 0 271
522 4 506
360 0 627
826 4 938
222 4 966
82 0 458
913 9 701
780 9 701
408 0 614
514 0 53
352 0 654
154 0 438
154 0 317
87 4 644
159 9 297
87 4 641
808 0 214
522 4 874
522 4 754
808 0 458
340 9 816
154 0 557
323 0 421
808 0 695
960 0 421
522 4 618
522 4 735
826 4 948
222 4 735
408 0 744
780 9 816
408 0 742
392 4 11
222 4 731
913 9 712
360 0 513
946 9 344
352 0 301
352 0 786
352 0 302
280 0 5
87 4 754
87 4 874
222 4 604
352 0 661
340 9 701
154 0 564
154 0 203
783 4 269
808 0 8
340 9 883
280 0 744
392 4 170
82 0 513
952 9 638
131 9 891
87 4 429
522 4 492
222 4 938
946 9 712
280 0 742
402 4 81
340 9 638
408 0 83
340 9 891
340 9 771
913 9 297
549 0 421
159 9 277
222 4 712
280 0 754
704 9 24
280 0 879
826 4 170
222 4 948
82 0 893
392 4 81
624 0 816
549 0 8
624 0 935
952 9 771
360 0 706
624 0 930
408 0 816
408 0 66
323 0 182
549 0 893
408 0 68
952 9 778
408 0 930
946 9 816
408 0 935
360 0 701
82 0 421
340 9 613
624 0 807
624 0 801
352 0 614
360 0 8
952 9 883
783 4 492
817 0 182
352 0 744
514 0 8
352 0 742
946 9 701
131 9 514
780 9 344
280 0 654
87 4 555
87 4 433
522 4 269
624 0 917
549 0 513
408 0 70
952 9 891
408 0 917
402 4 269
624 0 754
952 9 712
159 9 344
131 9 974
131 9 975
280 0 661
477 9 277
280 0 786
280 0 302
946 9 638
280 0 301
323 0 162
243 0 706
352 0 917
87 4 463
87 4 342
243 0 701
624 0 742
408 0 807
624 0 744
952 9 701
280 0 557
686 9 24
280 0 438
280 0 317
817 0 162
408 0 801
817 0 24
826 4 81
522 4 81
514 0 617
817 0 158
624 0 56
352 0 807
549 0 458
624 0 614
946 9 883
352 0 801
549 0 214
154 0 274
549 0 695
154 0 271
808 0 182
952 9 613
131 9 24
817 0 493
82 0 617
780 9 547
352 0 930
514 0 706
946 9 613
624 0 66
280 0 564
960 0 706
477 9 297
624 0 68
280 0 203
817 0 244
514 0 701
340 9 778
154 0 277
323 0 263
352 0 816
154 0 5
352 0 935
783 4 11
549 0 203
402 4 170
783 4 170
817 0 263
960 0 701
82 0 627
780 9 778
323 0 158
817 0 499
280 0 211
340 9 547
624 0 70
522 4 463
522 4 342
--------------------------------------
154 0 70
624 0 557
549 0 158
549 0 53
514 0 893
826 4 433
952 9 917
159 9 547
826 4 555
82 0 24
352 0 56
154 0 935
996 1 133
996 1 257
87 4 269
154 0 816
154 0 66
243 0 627
154 0 68
154 0 930
87 4 11
783 4 433
624 0 786
624 0 302
280 0 917
783 4 555
624 0 301
154 0 83
175 1 80
549 0 263
624 0 661
960 0 162
477 9 917
514 0 421
392 4 463
392 4 342
175 1 840
783 4 429
87 4 492
243 0 513
624 0 654
280 0 807
87 4 170
549 0 493
783 4 641
549 0 499
934 1 761
783 4 644
913 9 344
934 1 400
514 0 513
159 9 883
352 0 83
280 0 801
340 9 344
952 9 816
195 1 133
131 9 112
195 1 257
522 4 11
817 0 203
514 0 627
131 9 228
154 0 917
392 4 555
159 9 891
392 4 433
159 9 771
280 0 56
477 9 816
549 0 244
280 0 70
549 0 24
352 0 70
131 9 489
280 0 930
82 0 701
826 4 463
826 4 342
360 0 24
280 0 935
159 9 778
280 0 816
82 0 706
808 0 706
352 0 66
280 0 68
817 0 458
352 0 68
154 0 801
817 0 214
808 0 701
996 1 80
154 0 807
817 0 695
175 1 743
960 0 182
154 0 56
934 1 743
243 0 617
704 9 891
175 1 55
82 0 53
82 0 8
624 0 879
280 0 66
243 0 53
624 0 355
514 0 458
195 1 195
514 0 214
946 9 917
783 4 463
783 4 342
514 0 695
392 4 492
360 0 53
360 0 162
243 0 421
704 9 489
817 0 421
817 0 8
780 9 297
522 4 170
934 1 896
159 9 638
624 0 105
624 0 102
323 0 24
549 0 182
340 9 297
408 0 5
392 4 269
826 4 492
280 0 83
175 1 922
934 1 525
704 9 112
934 1 680
624 0 211
612 1 195
323 0 53
783 4 81
704 9 228
360 0 182
780 9 277
934 1 80
624 0 203
222 4 11
624 0 564
222 4 170
913 9 277
514 0 203
280 0 614
549 0 162
340 9 277
159 9 613
826 4 269
87 4 81
243 0 893
817 0 893
934 1 547
934 1 304
624 0 438
624 0 317
477 9 24
514 0 493
826 4 712
960 0 695
624 0 277
352 0 274
624 0 271
352 0 271
624 0 274
514 0 499
686 9 975
222 4 269
960 0 458
686 9 974
960 0 214
159 9 701
946 9 277
360 0 244
352 0 277
392 4 731
402 4 618
392 4 735
402 4 735
392 4 618
783 4 938
817 0 627
154 0 654
826 4 604
514 0 263
402 4 874
826 4 966
477 9 638
612 1 743
783 4 712
780 9 917
360 0 499
352 0 5
913 9 613
960 0 203
159 9 712
477 9 514
195 1 680
360 0 493
817 0 513
402 4 506
392 4 506
783 4 948
808 0 203
154 0 661
154 0 301
323 0 893
154 0 786
154 0 302
402 4 641
624 0 136
522 4 948
826 4 735
624 0 133
826 4 618
960 0 8
243 0 8
323 0 617
686 9 514
408 0 136
477 9 883
826 4 731
154 0 879
195 1 896
243 0 203
477 9 771
323 0 627
477 9 891
360 0 263
996 1 195
392 4 712
154 0 754
402 4 754
243 0 24
808 0 893
624 0 125
826 4 506
612 1 840
522 4 938
159 9 816
934 1 55
222 4 492
360 0 158
624 0 120
514 0 244
913 9 638
477 9 778
243 0 214
408 0 274
323 0 513
686 9 891
408 0 271
243 0 695
408 0 277
195 1 547
195 1 304
392 4 604
392 4 966
402 4 644
817 0 617
243 0 458
808 0 421
222 4 463
222 4 342
960 0 499
952 9 277
913 9 883
960 0 493
360 0 203
826 4 754
175 1 195
477 9 701
826 4 874
817 0 701
408 0 120
154 0 614
402 4 938
352 0 355
243 0 263
783 4 618
808 0 513
817 0 706
612 1 922
82 0 162
783 4 874
960 0 244
514 0 182
913 9 771
913 9 891
159 9 917
783 4 754
826 4 641
360 0 214
352 0 120
408 0 125
826 4 644
913 9 778
477 9 712
360 0 458
704 9 514
243 0 158
352 0 125
360 0 695
408 0 133
392 4 429
402 4 948
783 4 506
808 0 53
154 0 744
934 1 922
154 0 742
960 0 158
783 4 966
934 1 840
808 0 24
514 0 158
222 4 81
913 9 547
808 0 617
323 0 8
352 0 136
946 9 297
624 0 5
243 0 244
392 4 754
323 0 701
408 0 102
392 4 874
352 0 133
195 1 699
82 0 182
402 4 712
826 4 429
783 4 731
402 4 731
514 0 162
960 0 263
783 4 735
243 0 493
323 0 706
477 9 974
408 0 105
477 9 613
477 9 975
392 4 641
243 0 499
704 9 974
392 4 644
704 9 975
408 0 355
808 0 627
402 4 604
783 4 604
402 4 966
952 9 297
808 0 162
612 1 699
402 4 463
402 4 342
960 0 617
408 0 557
280 0 105
960 0 24
243 0 182
477 9 344
996 1 922
477 9 228
87 4 948
408 0 438
408 0 317
352 0 557
82 0 244
477 9 112
280 0 102
408 0 564
817 0 53
780 9 891
780 9 771
549 0 701
808 0 158
154 0 133
549 0 706
154 0 136
323 0 244
340 9 917
352 0 438
352 0 317
624 0 83
952 9 344
402 4 11
612 1 55
686 9 228
408 0 203
222 4 555
222 4 433
780 9 638
87 4 938
82 0 493
686 9 112
323 0 499
195 1 840
352 0 203
360 0 893
408 0 211
280 0 355
780 9 883
352 0 564
222 4 429
82 0 499
522 4 641
522 4 644
323 0 493
522 4 429
808 0 263
243 0 162
477 9 489
222 4 644
360 0 421
408 0 654
960 0 513
612 1 80
222 4 641
280 0 120
82 0 263
87 4 604
87 4 966
946 9 778
352 0 211
408 0 661
280 0 125
808 0 499
522 4 433
154 0 355
522 4 555
946 9 891
946 9 771
612 1 547
934 1 195
154 0 120
960 0 627
402 4 492
408 0 301
408 0 786
408 0 302
612 1 680
686 9 489
780 9 613
352 0 105
913 9 917
280 0 133
87 4 712
352 0 102
82 0 158
280 0 136
946 9 547
514 0 24
154 0 125
612 1 896
960 0 893
522 4 966
522 4 604
408 0 754
826 4 11
408 0 879
477 9 547
323 0 203
352 0 754
87 4 506
222 4 618
82 0 203
340 9 712
154 0 211
522 4 731
352 0 879
392 4 938
612 1 525
549 0 627
402 4 555
360 0 617
808 0 493
612 1 304
402 4 433
522 4 712
408 0 56
952 9 547
222 4 754
222 4 874
960 0 53
780 9 712
87 4 618
323 0 214
913 9 816
280 0 274
996 1 743
195 1 400
323 0 458
87 4 735
195 1 761
82 0 695
280 0 277
195 1 525
222 4 506
87 4 731
82 0 214
402 4 429
154 0 102
549 0 617
154 0 105
392 4 948
808 0 244
323 0 695
280 0 271
522 4 506
360 0 627
826 4 938
222 4 966
82 0 458
913 9 701
780 9 701
408 0 614
175 1 133
514 0 53
352 0 654
154 0 438
154 0 317
175 1 257
87 4 644
159 9 297
87 4 641
808 0 214
522 4 874
522 4 754
808 0 458
340 9 816
154 0 557
323 0 421
808 0 695
960 0 421
612 1 400
522 4 618
522 4 735
826 4 948
612 1 761
222 4 735
408 0 744
780 9 816
408 0 742
392 4 11
222 4 731
913 9 712
360 0 513
946 9 344
352 0 301
352 0 786
352 0 302
280 0 5
87 4 754
996 1 840
87 4 874
222 4 604
352 0 661
195 1 743
340 9 701
154 0 564
154 0 203
783 4 269
808 0 8
340 9 883
280 0 744
392 4 170
82 0 513
952 9 638
131 9 891
87 4 429
996 1 896
522 4 492
222 4 938
946 9 712
280 0 742
934 1 699
402 4 81
340 9 638
408 0 83
340 9 891
340 9 771
913 9 297
549 0 421
159 9 277
222 4 712
280 0 754
704 9 24
280 0 879
175 1 680
826 4 170
996 1 547
996 1 304
222 4 948
82 0 893
392 4 81
624 0 816
549 0 8
624 0 935
952 9 771
360 0 706
624 0 930
408 0 816
408 0 66
323 0 182
549 0 893
408 0 68
952 9 778
408 0 930
946 9 816
408 0 935
360 0 701
82 0 421
175 1 699
340 9 613
624 0 807
624 0 801
352 0 614
360 0 8
952 9 883
783 4 492
817 0 182
352 0 744
996 1 525
514 0 8
352 0 742
946 9 701
131 9 514
996 1 761
780 9 344
280 0 654
996 1 400
87 4 555
87 4 433
522 4 269
624 0 917
549 0 513
408 0 70
952 9 891
408 0 917
612 1 257
402 4 269
624 0 754
612 1 133
195 1 55
952 9 712
159 9 344
131 9 974
131 9 975
996 1 699
280 0 661
477 9 277
280 0 786
280 0 302
946 9 638
280 0 301
323 0 162
243 0 706
352 0 917
87 4 463
87 4 342
243 0 701
624 0 742
408 0 807
624 0 744
934 1 133
934 1 257
952 9 701
280 0 557
686 9 24
280 0 438
280 0 317
817 0 162
408 0 801
817 0 24
826 4 81
522 4 81
514 0 617
175 1 761
195 1 922
817 0 158
624 0 56
175 1 400
352 0 807
175 1 525
549 0 458
624 0 614
946 9 883
352 0 801
549 0 214
154 0 274
549 0 695
154 0 271
808 0 182
952 9 613
131 9 24
817 0 493
82 0 617
780 9 547
352 0 930
514 0 706
946 9 613
624 0 66
280 0 564
175 1 896
960 0 706
477 9 297
624 0 68
280 0 203
817 0 244
514 0 701
340 9 778
154 0 277
323 0 263
352 0 816
154 0 5
996 1 55
352 0 935
195 1 80
783 4 11
549 0 203
402 4 170
783 4 170
817 0 263
960 0 701
82 0 627
780 9 778
323 0 158
817 0 499
280 0 211
175 1 304
340 9 547
996 1 680
175 1 547
624 0 70
522 4 463
522 4 342
--------------------------------------
154 0 70
624 0 557
549 0 158
667 6 575
549 0 53
514 0 893
952 9 917
159 9 547
82 0 24
352 0 56
154 0 935
996 1 133
996 1 257
154 0 816
154 0 66
243 0 627
154 0 68
154 0 930
624 0 786
624 0 302
280 0 917
624 0 301
154 0 83
175 1 80
549 0 263
624 0 661
960 0 162
324 6 524
477 9 917
514 0 421
667 6 470
667 6 351
175 1 840
243 0 513
624 0 654
280 0 807
549 0 493
549 0 499
934 1 761
913 9 344
934 1 400
324 6 536
514 0 513
159 9 883
667 6 477
352 0 83
280 0 801
340 9 344
952 9 816
195 1 133
131 9 112
195 1 257
817 0 203
514 0 627
131 9 228
154 0 917
159 9 891
159 9 771
280 0 56
477 9 816
549 0 244
280 0 70
332 6 524
549 0 24
352 0 70
131 9 489
280 0 930
82 0 701
360 0 24
280 0 935
159 9 778
280 0 816
82 0 706
808 0 706
352 0 66
280 0 68
817 0 458
352 0 68
154 0 801
817 0 214
808 0 701
996 1 80
154 0 807
817 0 695
175 1 743
960 0 182
154 0 56
934 1 743
243 0 617
704 9 891
175 1 55
82 0 53
82 0 8
624 0 879
280 0 66
243 0 53
624 0 355
514 0 458
195 1 195
514 0 214
946 9 917
514 0 695
360 0 53
360 0 162
243 0 421
704 9 489
817 0 421
817 0 8
780 9 297
934 1 896
159 9 638
624 0 105
624 0 102
323 0 24
549 0 182
340 9 297
408 0 5
280 0 83
175 1 922
332 6 536
934 1 525
324 6 575
704 9 112
934 1 680
624 0 211
612 1 195
323 0 53
704 9 228
360 0 182
780 9 277
934 1 80
624 0 203
624 0 564
913 9 277
514 0 203
280 0 614
549 0 162
340 9 277
159 9 613
243 0 893
817 0 893
934 1 547
934 1 304
324 6 477
624 0 438
624 0 317
324 6 470
477 9 24
324 6 351
514 0 493
332 6 575
960 0 695
522 6 536
624 0 277
352 0 274
624 0 271
352 0 271
624 0 274
514 0 499
686 9 975
960 0 458
686 9 974
960 0 214
159 9 701
946 9 277
360 0 244
352 0 277
817 0 627
154 0 654
514 0 263
477 9 638
612 1 743
780 9 917
360 0 499
352 0 5
913 9 613
960 0 203
159 9 712
477 9 514
195 1 680
360 0 493
817 0 513
808 0 203
154 0 661
154 0 301
323 0 893
154 0 786
154 0 302
624 0 136
332 6 477
624 0 133
960 0 8
243 0 8
323 0 617
686 9 514
408 0 136
477 9 883
332 6 470
332 6 351
154 0 879
195 1 896
243 0 203
477 9 771
323 0 627
477 9 891
360 0 263
996 1 195
154 0 754
243 0 24
808 0 893
624 0 125
612 1 840
522 6 524
159 9 816
934 1 55
360 0 158
624 0 120
667 6 524
514 0 244
913 9 638
477 9 778
243 0 214
408 0 274
323 0 513
686 9 891
408 0 271
243 0 695
408 0 277
195 1 547
195 1 304
817 0 617
243 0 458
808 0 421
960 0 499
952 9 277
913 9 883
960 0 493
360 0 203
175 1 195
667 6 536
477 9 701
817 0 701
408 0 120
154 0 614
352 0 355
243 0 263
808 0 513
817 0 706
612 1 922
82 0 162
960 0 244
514 0 182
913 9 771
913 9 891
159 9 917
360 0 214
352 0 120
408 0 125
913 9 778
477 9 712
360 0 458
704 9 514
243 0 158
352 0 125
360 0 695
408 0 133
808 0 53
154 0 744
934 1 922
154 0 742
960 0 158
934 1 840
808 0 24
514 0 158
913 9 547
808 0 617
323 0 8
352 0 136
946 9 297
624 0 5
243 0 244
323 0 701
408 0 102
352 0 133
195 1 699
82 0 182
514 0 162
960 0 263
243 0 493
323 0 706
477 9 974
408 0 105
477 9 613
477 9 975
243 0 499
704 9 974
704 9 975
408 0 355
808 0 627
952 9 297
808 0 162
612 1 699
960 0 617
408 0 557
280 0 105
960 0 24
243 0 182
477 9 344
996 1 922
477 9 228
408 0 438
408 0 317
667 6 58
352 0 557
82 0 244
477 9 112
280 0 102
408 0 564
667 6 55
817 0 53
780 9 891
780 9 771
549 0 701
808 0 158
154 0 133
549 0 706
154 0 136
323 0 244
340 9 917
352 0 438
352 0 317
624 0 83
952 9 344
612 1 55
686 9 228
408 0 203
780 9 638
82 0 493
686 9 112
323 0 499
195 1 840
352 0 203
360 0 893
408 0 211
280 0 355
780 9 883
352 0 564
82 0 499
323 0 493
808 0 263
243 0 162
477 9 489
360 0 421
408 0 654
960 0 513
612 1 80
280 0 120
82 0 263
946 9 778
352 0 211
408 0 661
280 0 125
808 0 499
154 0 355
946 9 891
946 9 771
612 1 547
934 1 195
154 0 120
960 0 627
408 0 301
408 0 786
408 0 302
612 1 680
686 9 489
780 9 613
352 0 105
667 6 47
913 9 917
280 0 133
352 0 102
82 0 158
280 0 136
946 9 547
514 0 24
154 0 125
612 1 896
960 0 893
408 0 754
408 0 879
477 9 547
323 0 203
352 0 754
82 0 203
340 9 712
154 0 211
352 0 879
612 1 525
549 0 627
360 0 617
808 0 493
612 1 304
408 0 56
952 9 547
960 0 53
780 9 712
323 0 214
913 9 816
280 0 274
996 1 743
332 6 55
195 1 400
323 0 458
195 1 761
332 6 58
82 0 695
280 0 277
195 1 525
82 0 214
522 6 470
154 0 102
522 6 351
549 0 617
154 0 105
808 0 244
323 0 695
280 0 271
522 6 477
360 0 627
82 0 458
913 9 701
780 9 701
408 0 614
175 1 133
514 0 53
352 0 654
154 0 438
154 0 317
332 6 47
175 1 257
159 9 297
808 0 214
808 0 458
340 9 816
154 0 557
323 0 421
808 0 695
960 0 421
612 1 400
612 1 761
408 0 744
780 9 816
408 0 742
913 9 712
360 0 513
946 9 344
352 0 301
352 0 786
352 0 302
280 0 5
996 1 840
352 0 661
195 1 743
340 9 701
154 0 564
522 6 575
154 0 203
808 0 8
340 9 883
280 0 744
82 0 513
952 9 638
131 9 891
996 1 896
522 6 55
946 9 712
280 0 742
934 1 699
340 9 638
522 6 58
408 0 83
340 9 891
340 9 771
913 9 297
549 0 421
159 9 277
280 0 754
704 9 24
280 0 879
175 1 680
996 1 547
996 1 304
324 6 58
82 0 893
624 0 816
549 0 8
624 0 935
324 6 55
952 9 771
360 0 706
624 0 930
408 0 816
408 0 66
323 0 182
549 0 893
408 0 68
952 9 778
408 0 930
946 9 816
408 0 935
360 0 701
324 6 47
82 0 421
175 1 699
340 9 613
624 0 807
624 0 801
352 0 614
360 0 8
952 9 883
817 0 182
352 0 744
996 1 525
514 0 8
352 0 742
946 9 701
131 9 514
996 1 761
780 9 344
280 0 654
996 1 400
624 0 917
549 0 513
522 6 47
408 0 70
952 9 891
408 0 917
612 1 257
624 0 754
612 1 133
195 1 55
952 9 712
159 9 344
131 9 974
131 9 975
996 1 699
280 0 661
477 9 277
280 0 786
280 0 302
946 9 638
280 0 301
323 0 162
243 0 706
352 0 917
243 0 701
624 0 742
408 0 807
624 0 744
934 1 133
934 1 257
952 9 701
280 0 557
686 9 24
280 0 438
280 0 317
817 0 162
408 0 801
817 0 24
514 0 617
175 1 761
195 1 922
817 0 158
624 0 56
175 1 400
352 0 807
175 1 525
549 0 458
624 0 614
946 9 883
352 0 801
549 0 214
154 0 274
549 0 695
154 0 271
808 0 182
952 9 613
131 9 24
817 0 493
82 0 617
780 9 547
352 0 930
514 0 706
946 9 613
624 0 66
280 0 564
175 1 896
960 0 706
477 9 297
624 0 68
280 0 203
817 0 244
514 0 701
340 9 778
154 0 277
323 0 263
352 0 816
154 0 5
996 1 55
352 0 935
195 1 80
549 0 203
817 0 263
960 0 701
82 0 627
780 9 778
323 0 158
817 0 499
280 0 211
175 1 304
340 9 547
996 1 680
175 1 547
624 0 70
--------------------------------------
