447 5 56
697 5 650
771 5 569
771 5 56
355 5 56
447 5 569
460 5 650
447 5 650
889 5 355
138 5 56
936 5 650
137 5 355
945 5 569
18 5 569
697 5 569
771 5 355
491 5 650
4 5 650
355 5 355
18 5 650
674 5 569
889 5 650
674 5 650
936 5 56
889 5 569
936 5 569
4 5 569
138 5 355
491 5 56
18 5 56
945 5 355
460 5 569
193 5 650
697 5 56
697 5 355
137 5 569
491 5 569
526 5 355
889 5 56
4 5 56
460 5 56
460 5 355
447 5 355
674 5 56
193 5 569
936 5 355
137 5 650
193 5 56
945 5 56
138 5 569
491 5 355
526 5 56
18 5 355
4 5 355
355 5 650
771 5 650
526 5 569
674 5 355
526 5 650
945 5 650
137 5 56
138 5 650
193 5 355
355 5 569
--------------------------------------
166 5 779
266 5 834
87 5 517
246 5 834
771 5 569
614 5 779
148 5 834
174 5 517
375 5 9
357 5 399
460 5 650
656 5 834
395 5 779
761 5 834
137 5 355
375 5 779
945 5 569
18 5 569
166 5 9
858 5 834
165 5 213
725 5 517
165 5 218
170 5 9
858 5 399
656 5 399
889 5 650
387 5 779
357 5 834
674 5 650
998 5 213
998 5 218
4 5 569
479 5 517
289 5 779
752 5 779
193 5 650
642 5 9
166 5 517
354 5 213
922 5 834
837 5 399
266 5 9
922 5 399
526 5 355
837 5 834
614 5 517
889 5 56
4 5 56
193 5 569
614 5 9
193 5 56
945 5 56
170 5 834
375 5 517
761 5 399
491 5 355
526 5 56
18 5 355
170 5 399
174 5 9
387 5 517
188 5 834
289 5 517
188 5 399
148 5 399
354 5 218
138 5 650
479 5 779
752 5 517
246 5 399
642 5 517
266 5 517
246 5 517
642 5 399
174 5 399
188 5 517
174 5 834
138 5 56
656 5 517
165 5 517
375 5 213
395 5 218
395 5 213
375 5 218
697 5 569
491 5 650
725 5 834
165 5 779
674 5 569
357 5 517
725 5 399
122 5 9
165 5 9
936 5 56
188 5 779
889 5 569
752 5 9
289 5 218
945 5 355
354 5 517
460 5 569
87 5 779
479 5 213
697 5 355
266 5 779
752 5 399
614 5 399
614 5 834
87 5 9
491 5 569
148 5 218
289 5 213
656 5 9
460 5 355
656 5 779
761 5 218
122 5 399
122 5 834
170 5 517
387 5 9
4 5 355
355 5 650
771 5 650
387 5 834
674 5 355
354 5 779
137 5 56
642 5 834
479 5 218
752 5 834
447 5 56
922 5 218
354 5 399
697 5 650
837 5 213
922 5 213
837 5 218
447 5 569
289 5 399
148 5 9
889 5 355
387 5 399
122 5 213
936 5 650
122 5 218
170 5 779
761 5 213
355 5 355
188 5 218
148 5 213
188 5 213
266 5 213
354 5 834
354 5 9
642 5 218
246 5 213
697 5 56
87 5 218
166 5 834
266 5 218
246 5 779
174 5 213
87 5 213
166 5 399
148 5 779
460 5 56
174 5 218
447 5 355
395 5 399
656 5 213
674 5 56
656 5 218
395 5 834
761 5 779
137 5 650
165 5 399
858 5 218
725 5 218
165 5 834
725 5 9
858 5 213
725 5 213
357 5 779
998 5 399
526 5 650
998 5 834
761 5 9
355 5 569
87 5 834
614 5 213
479 5 399
166 5 218
922 5 779
752 5 213
166 5 213
614 5 218
837 5 779
87 5 399
771 5 56
355 5 56
148 5 517
447 5 650
289 5 9
246 5 9
188 5 9
761 5 517
122 5 779
122 5 517
771 5 355
170 5 218
4 5 650
858 5 517
18 5 650
170 5 213
998 5 9
387 5 218
936 5 569
998 5 779
138 5 355
491 5 56
18 5 56
642 5 779
858 5 9
479 5 834
752 5 218
922 5 9
246 5 218
137 5 569
642 5 213
837 5 517
922 5 517
174 5 779
357 5 213
387 5 213
479 5 9
936 5 355
395 5 517
375 5 399
375 5 834
395 5 9
858 5 779
138 5 569
725 5 779
357 5 9
526 5 569
357 5 218
837 5 9
266 5 399
945 5 650
289 5 834
998 5 517
193 5 355
--------------------------------------
166 5 779
246 5 834
642 8 841
505 8 816
614 5 779
642 8 846
144 8 446
461 8 390
343 8 390
851 8 719
174 5 517
537 8 719
18 8 658
934 8 846
357 5 399
104 8 318
656 5 834
3 8 318
761 5 834
144 8 318
545 8 816
934 8 841
137 5 355
375 5 779
315 8 841
329 8 390
370 8 390
326 8 658
473 8 846
170 5 9
642 8 719
896 8 841
858 5 399
487 8 390
896 8 846
315 8 846
889 5 650
216 8 658
635 8 390
761 8 390
371 8 816
915 8 719
744 8 750
104 8 446
799 8 719
4 5 569
479 5 517
289 5 779
3 8 446
253 8 816
213 8 816
193 5 650
166 5 517
354 5 213
922 5 834
584 8 390
473 8 719
837 5 399
315 8 750
266 5 9
896 8 719
805 8 816
526 5 355
614 5 517
851 8 816
4 5 56
18 8 318
149 8 318
104 8 658
193 5 569
473 8 841
144 8 658
843 8 719
614 5 9
193 5 56
375 5 517
491 5 355
526 5 56
253 8 841
216 8 750
170 5 399
642 8 816
326 8 750
915 8 816
289 5 517
188 5 399
148 5 399
799 8 816
537 8 846
843 8 841
934 8 750
354 5 218
479 5 779
537 8 841
843 8 846
149 8 446
253 8 719
213 8 719
473 8 816
533 8 318
216 8 841
246 5 517
865 8 446
642 5 399
896 8 658
315 8 658
216 8 846
174 5 834
744 8 841
86 8 390
213 8 846
138 5 56
656 5 517
213 8 841
375 5 213
843 8 658
43 8 390
375 5 218
744 8 846
149 8 658
537 8 750
697 5 569
957 8 816
491 5 650
18 8 446
696 8 446
73 8 390
865 8 318
176 8 318
725 5 399
122 5 9
286 8 318
286 8 446
934 8 816
889 5 569
752 5 9
289 5 218
176 8 446
851 8 750
744 8 719
354 5 517
479 5 213
697 5 355
752 5 399
656 8 390
614 5 834
326 8 846
696 8 318
87 5 9
326 8 841
491 5 569
213 8 750
148 5 218
289 5 213
9 8 816
315 8 318
843 8 750
656 5 779
537 8 658
164 8 816
122 5 399
3 8 658
149 8 750
545 8 719
343 8 446
825 8 390
851 8 846
326 8 719
387 5 9
187 8 390
957 8 719
4 5 355
851 8 841
533 8 446
176 8 658
327 8 390
216 8 719
865 8 658
104 8 750
934 8 719
286 8 658
545 8 841
896 8 750
343 8 318
744 8 816
354 5 779
545 8 846
479 5 218
642 8 446
851 8 318
92 8 390
144 8 841
837 5 213
696 8 658
837 5 218
447 5 569
371 8 658
187 8 446
144 8 719
148 5 9
43 8 750
187 8 318
387 5 399
847 8 390
3 8 719
370 8 446
957 8 841
104 8 719
122 5 213
936 5 650
957 8 846
805 8 750
122 5 218
635 8 318
326 8 816
865 8 750
170 5 779
491 8 841
491 8 846
642 8 318
896 8 446
216 8 816
915 8 318
584 8 446
799 8 318
104 8 846
584 8 318
370 8 318
461 8 658
104 8 841
3 8 846
253 8 658
266 5 213
354 5 834
144 8 846
491 8 719
533 8 750
3 8 841
697 5 56
266 5 218
533 8 658
851 8 658
174 5 213
371 8 750
473 8 318
166 5 399
896 8 318
174 5 218
447 5 355
656 5 213
674 5 56
149 8 719
805 8 658
656 5 218
395 5 834
473 8 446
843 8 318
144 8 816
18 8 390
104 8 816
165 5 399
3 8 750
725 5 218
642 8 658
253 8 446
461 8 446
725 5 213
915 8 658
370 8 658
149 8 846
799 8 658
584 8 658
635 8 446
998 5 834
957 8 750
843 8 446
461 8 318
149 8 841
491 8 816
253 8 318
696 8 750
87 5 834
614 5 213
479 5 399
166 5 218
86 8 318
166 5 213
614 5 218
473 8 658
865 8 841
60 8 846
533 8 719
865 8 846
315 8 816
837 5 779
355 5 56
43 8 318
60 8 841
805 8 719
744 8 446
447 5 650
149 8 816
635 8 750
176 8 390
253 8 846
122 5 779
122 5 517
771 5 355
170 5 218
696 8 841
18 5 650
915 8 750
696 8 846
170 5 213
81 8 390
843 8 390
387 5 218
865 8 719
805 8 841
805 8 846
936 5 569
998 5 779
43 8 446
799 8 750
491 5 56
18 5 56
858 5 9
60 8 719
370 8 750
957 8 658
86 8 446
744 8 318
400 8 390
922 5 9
847 8 446
253 8 750
696 8 719
915 8 841
43 8 658
315 8 719
584 8 750
837 5 517
174 5 779
915 8 846
799 8 846
187 8 658
537 8 816
387 5 213
479 5 9
3 8 816
936 5 355
395 5 517
375 5 399
635 8 658
642 8 750
286 8 390
799 8 841
92 8 446
144 8 750
533 8 846
60 8 816
851 8 446
725 5 779
357 5 9
533 8 841
847 8 318
371 8 841
371 8 846
865 8 816
837 5 9
371 8 719
266 5 399
945 5 650
289 5 834
998 5 517
957 8 318
744 8 658
473 8 750
799 8 390
164 8 446
266 5 834
87 5 517
761 8 816
491 8 318
771 5 569
9 8 318
696 8 816
148 5 834
187 8 841
375 5 9
370 8 719
329 8 816
327 8 750
460 5 650
584 8 846
370 8 846
370 8 841
187 8 719
487 8 816
957 8 446
73 8 750
395 5 779
86 8 750
635 8 719
164 8 318
945 5 569
18 5 569
915 8 390
166 5 9
491 8 446
858 5 834
165 5 213
725 5 517
9 8 446
165 5 218
537 8 390
847 8 658
545 8 390
656 5 399
60 8 750
584 8 841
387 5 779
357 5 834
674 5 650
998 5 213
656 8 816
851 8 390
92 8 318
505 8 390
461 8 816
187 8 846
998 5 218
400 8 750
584 8 719
343 8 816
752 5 779
642 5 9
213 8 390
922 5 399
491 8 658
837 5 834
253 8 390
370 8 816
889 5 56
761 8 719
533 8 816
329 8 719
81 8 750
642 8 390
461 8 846
761 8 841
86 8 658
761 8 846
945 5 56
170 5 834
761 5 399
18 5 355
805 8 390
461 8 841
174 5 9
187 8 750
387 5 517
847 8 750
73 8 846
461 8 719
92 8 658
635 8 841
188 5 834
329 8 846
584 8 816
473 8 390
73 8 841
329 8 841
138 5 650
752 5 517
246 5 399
896 8 390
642 5 517
635 8 846
266 5 517
60 8 446
86 8 719
174 5 399
188 5 517
400 8 658
43 8 719
491 8 750
73 8 719
825 8 719
461 8 750
656 8 846
805 8 318
165 5 517
81 8 658
395 5 218
656 8 841
395 5 213
327 8 719
86 8 846
487 8 750
725 5 834
165 5 779
60 8 318
674 5 569
357 5 517
43 8 846
165 5 9
805 8 446
825 8 846
936 5 56
188 5 779
825 8 841
43 8 841
327 8 841
761 8 750
327 8 846
92 8 750
86 8 841
945 5 355
460 5 569
87 5 779
934 8 390
505 8 318
266 5 779
614 5 399
847 8 841
847 8 846
915 8 446
656 5 9
825 8 816
957 8 390
371 8 318
744 8 390
43 8 816
400 8 318
73 8 816
460 5 355
92 8 846
187 8 816
487 8 719
635 8 816
761 5 218
81 8 318
799 8 446
92 8 841
327 8 816
216 8 390
122 5 834
170 5 517
60 8 658
505 8 446
355 5 650
371 8 446
400 8 446
771 5 650
164 8 390
387 5 834
674 5 355
656 8 719
81 8 446
9 8 390
847 8 719
137 5 56
642 5 834
487 8 846
752 5 834
487 8 841
164 8 841
447 5 56
922 5 218
354 5 399
697 5 650
922 5 213
505 8 658
761 8 658
18 8 816
289 5 399
9 8 719
889 5 355
176 8 750
934 8 446
329 8 658
491 8 390
326 8 390
537 8 318
545 8 658
825 8 750
164 8 719
487 8 658
315 8 446
761 5 213
355 5 355
9 8 841
9 8 846
92 8 719
213 8 658
188 5 218
656 8 658
148 5 213
188 5 213
354 5 9
642 5 218
847 8 816
246 5 213
164 8 846
343 8 658
87 5 218
761 8 318
166 5 834
246 5 779
86 8 816
87 5 213
18 8 719
505 8 750
148 5 779
176 8 846
460 5 56
545 8 750
395 5 399
329 8 318
286 8 750
761 5 779
137 5 650
858 5 218
104 8 390
761 8 446
164 8 750
165 5 834
144 8 390
725 5 9
858 5 213
357 5 779
998 5 399
213 8 318
526 5 650
92 8 816
73 8 446
329 8 446
537 8 446
656 8 750
761 5 9
355 5 569
400 8 816
343 8 750
896 8 816
9 8 750
216 8 446
922 5 779
752 5 213
87 5 399
771 5 56
148 5 517
286 8 846
825 8 318
73 8 318
213 8 446
289 5 9
656 8 446
246 5 9
327 8 318
188 5 9
761 5 517
81 8 816
843 8 816
149 8 390
18 8 841
4 5 650
858 5 517
286 8 719
998 5 9
176 8 719
18 8 846
286 8 841
533 8 390
176 8 841
825 8 446
327 8 446
934 8 658
138 5 355
642 5 779
479 5 834
752 5 218
246 5 218
400 8 719
81 8 719
137 5 569
642 5 213
18 8 750
9 8 658
326 8 446
922 5 517
825 8 658
357 5 213
73 8 658
60 8 390
343 8 846
865 8 390
545 8 318
327 8 658
329 8 750
487 8 318
164 8 658
371 8 390
505 8 719
375 5 834
395 5 9
858 5 779
505 8 846
343 8 841
138 5 569
326 8 318
3 8 390
400 8 841
286 8 816
505 8 841
176 8 816
526 5 569
216 8 318
357 5 218
400 8 846
934 8 318
656 8 318
81 8 841
545 8 446
343 8 719
696 8 390
81 8 846
193 5 355
315 8 390
487 8 446
--------------------------------------
246 5 834
642 8 841
642 8 846
144 8 446
851 8 719
995 8 700
934 8 846
104 8 318
656 5 834
761 5 834
545 8 816
934 8 841
375 5 779
329 8 390
370 8 390
326 8 658
473 8 846
170 5 9
896 8 841
858 5 399
896 8 846
889 5 650
216 8 658
371 8 816
915 8 719
388 8 192
3 8 446
253 8 816
340 8 570
922 5 834
837 5 399
315 8 750
18 8 318
193 5 569
213 8 700
473 8 841
144 8 658
843 8 719
832 8 837
375 5 517
526 5 56
253 8 841
197 8 773
642 8 816
197 8 536
148 5 399
799 8 816
537 8 846
537 8 841
149 8 446
213 8 719
274 8 7
473 8 816
216 8 841
642 5 399
896 8 658
216 8 846
174 5 834
995 8 900
303 8 192
744 8 841
86 8 390
138 5 56
43 8 390
744 8 846
149 8 658
697 5 569
491 5 650
274 8 837
73 8 390
793 8 192
865 8 318
176 8 318
286 8 318
130 8 7
934 8 816
752 5 9
289 5 218
851 8 750
354 5 517
479 5 213
697 5 355
752 5 399
614 5 834
326 8 846
696 8 318
326 8 841
213 8 750
289 5 213
315 8 318
843 8 750
537 8 658
164 8 816
122 5 399
3 8 658
343 8 446
387 5 9
957 8 719
533 8 446
738 8 700
197 8 570
104 8 750
545 8 841
744 8 816
354 5 779
545 8 846
479 5 218
642 8 446
851 8 318
144 8 841
447 5 569
371 8 658
738 8 570
187 8 446
130 8 192
274 8 192
148 5 9
43 8 750
104 8 719
936 5 650
805 8 750
326 8 816
865 8 750
896 8 446
216 8 816
915 8 318
584 8 446
303 8 536
370 8 318
461 8 658
303 8 773
3 8 846
253 8 658
144 8 846
491 8 719
3 8 841
697 5 56
533 8 658
174 5 213
753 8 417
197 8 700
174 5 218
447 5 355
656 5 213
674 5 56
793 8 536
656 5 218
473 8 446
843 8 318
144 8 816
18 8 390
165 5 399
617 8 192
725 5 218
642 8 658
253 8 446
793 8 773
461 8 446
725 5 213
213 8 7
149 8 846
799 8 658
584 8 658
635 8 446
998 5 834
957 8 750
149 8 841
696 8 750
87 5 834
614 5 213
738 8 536
166 5 218
86 8 318
166 5 213
614 5 218
473 8 658
60 8 846
887 8 192
837 5 779
43 8 318
738 8 773
60 8 841
805 8 719
744 8 446
149 8 816
176 8 390
253 8 846
122 5 779
122 5 517
170 5 218
915 8 750
170 5 213
81 8 390
843 8 390
387 5 218
865 8 719
18 5 56
370 8 750
400 8 390
922 5 9
847 8 446
696 8 719
315 8 719
303 8 570
837 5 517
799 8 846
187 8 658
213 8 900
832 8 192
537 8 816
387 5 213
906 8 417
479 5 9
3 8 816
395 5 517
375 5 399
635 8 658
286 8 390
799 8 841
92 8 446
533 8 846
793 8 570
60 8 816
533 8 841
371 8 841
371 8 846
266 5 399
340 8 192
289 5 834
957 8 318
744 8 658
303 8 7
266 5 834
761 8 816
491 8 318
771 5 569
753 8 837
9 8 318
696 8 816
370 8 719
329 8 816
460 5 650
303 8 700
584 8 846
187 8 719
487 8 816
395 5 779
86 8 750
635 8 719
164 8 318
617 8 570
166 5 9
858 5 834
725 5 517
537 8 390
847 8 658
656 5 399
60 8 750
584 8 841
387 5 779
357 5 834
998 5 213
656 8 816
505 8 390
887 8 773
793 8 700
998 5 218
887 8 536
343 8 816
752 5 779
642 5 9
922 5 399
253 8 390
130 8 570
533 8 816
617 8 7
81 8 750
274 8 570
642 8 390
761 8 841
850 8 773
761 8 846
945 5 56
170 5 834
850 8 536
187 8 750
387 5 517
73 8 846
461 8 719
92 8 658
188 5 834
738 8 192
329 8 846
584 8 816
473 8 390
73 8 841
329 8 841
138 5 650
752 5 517
896 8 390
642 5 517
388 8 773
388 8 536
850 8 700
86 8 719
174 5 399
400 8 658
491 8 750
461 8 750
617 8 536
656 8 846
832 8 570
906 8 837
165 5 517
617 8 773
656 8 841
906 8 7
165 5 779
60 8 318
674 5 569
43 8 846
165 5 9
805 8 446
825 8 846
936 5 56
825 8 841
43 8 841
327 8 841
327 8 846
505 8 318
130 8 536
847 8 841
847 8 846
130 8 773
915 8 446
656 5 9
825 8 816
957 8 390
887 8 570
43 8 816
73 8 816
92 8 846
995 8 570
761 5 218
81 8 318
799 8 446
92 8 841
327 8 816
122 5 834
887 8 7
355 5 650
371 8 446
400 8 446
164 8 390
674 5 355
9 8 390
388 8 570
487 8 846
487 8 841
850 8 900
761 8 658
340 8 837
289 5 399
9 8 719
934 8 446
329 8 658
491 8 390
537 8 318
545 8 658
887 8 700
164 8 719
487 8 658
761 5 213
388 8 900
832 8 773
832 8 536
213 8 658
188 5 218
213 8 417
656 8 658
188 5 213
354 5 9
847 8 816
246 5 213
343 8 658
87 5 218
87 5 213
18 8 719
505 8 750
148 5 779
176 8 846
395 5 399
137 5 650
858 5 218
761 8 446
164 8 750
995 8 773
144 8 390
725 5 9
858 5 213
995 8 536
832 8 7
526 5 650
92 8 816
73 8 446
329 8 446
400 8 816
896 8 816
9 8 750
216 8 446
922 5 779
148 5 517
286 8 846
303 8 900
213 8 446
656 8 446
843 8 816
149 8 390
388 8 700
197 8 192
998 5 9
286 8 841
533 8 390
388 8 7
176 8 841
825 8 446
327 8 446
793 8 900
934 8 658
753 8 192
642 5 779
246 5 218
81 8 719
18 8 750
326 8 446
922 5 517
825 8 658
357 5 213
73 8 658
60 8 390
343 8 846
865 8 390
327 8 658
274 8 773
505 8 719
375 5 834
274 8 536
395 5 9
130 8 700
343 8 841
3 8 390
400 8 841
286 8 816
176 8 816
357 5 218
400 8 846
617 8 700
545 8 446
696 8 390
193 5 355
315 8 390
487 8 446
166 5 779
274 8 900
505 8 816
906 8 192
614 5 779
461 8 390
343 8 390
174 5 517
537 8 719
18 8 658
357 5 399
850 8 192
3 8 318
144 8 318
137 5 355
995 8 837
315 8 841
642 8 719
487 8 390
315 8 846
635 8 390
761 8 390
744 8 750
104 8 446
799 8 719
4 5 569
479 5 517
289 5 779
213 8 816
193 5 650
166 5 517
354 5 213
584 8 390
473 8 719
266 5 9
896 8 719
805 8 816
340 8 417
526 5 355
614 5 517
832 8 700
851 8 816
4 5 56
149 8 318
104 8 658
197 8 417
614 5 9
193 5 56
130 8 900
491 5 355
216 8 750
170 5 399
326 8 750
915 8 816
617 8 900
289 5 517
188 5 399
843 8 841
934 8 750
354 5 218
479 5 779
843 8 846
213 8 837
253 8 719
533 8 318
246 5 517
865 8 446
315 8 658
213 8 846
656 5 517
213 8 841
375 5 213
887 8 900
843 8 658
375 5 218
537 8 750
957 8 816
18 8 446
696 8 446
725 5 399
122 5 9
286 8 446
889 5 569
176 8 446
744 8 719
832 8 900
656 8 390
87 5 9
491 5 569
148 5 218
9 8 816
656 5 779
149 8 750
545 8 719
738 8 837
825 8 390
851 8 846
326 8 719
187 8 390
4 5 355
851 8 841
176 8 658
327 8 390
216 8 719
865 8 658
934 8 719
286 8 658
896 8 750
753 8 570
343 8 318
274 8 700
92 8 390
837 5 213
696 8 658
837 5 218
144 8 719
197 8 837
187 8 318
387 5 399
847 8 390
3 8 719
370 8 446
957 8 841
122 5 213
957 8 846
122 5 218
635 8 318
170 5 779
491 8 841
491 8 846
642 8 318
799 8 318
104 8 846
584 8 318
104 8 841
266 5 213
354 5 834
533 8 750
303 8 417
906 8 570
266 5 218
851 8 658
371 8 750
473 8 318
166 5 399
753 8 536
896 8 318
753 8 773
149 8 719
805 8 658
793 8 417
395 5 834
104 8 816
3 8 750
915 8 658
370 8 658
843 8 446
461 8 318
491 8 816
253 8 318
479 5 399
738 8 417
865 8 841
533 8 719
865 8 846
315 8 816
355 5 56
447 5 650
635 8 750
995 8 192
771 5 355
696 8 841
18 5 650
696 8 846
805 8 841
805 8 846
936 5 569
998 5 779
43 8 446
799 8 750
491 5 56
858 5 9
60 8 719
957 8 658
86 8 446
744 8 318
253 8 750
915 8 841
43 8 658
906 8 536
584 8 750
174 5 779
915 8 846
906 8 773
197 8 7
340 8 7
850 8 570
936 5 355
642 8 750
144 8 750
851 8 446
725 5 779
357 5 9
847 8 318
865 8 816
837 5 9
371 8 719
945 5 650
998 5 517
473 8 750
799 8 390
164 8 446
753 8 7
87 5 517
850 8 7
148 5 834
187 8 841
375 5 9
327 8 750
793 8 837
370 8 846
370 8 841
957 8 446
73 8 750
945 5 569
18 5 569
915 8 390
491 8 446
165 5 213
9 8 446
165 5 218
545 8 390
753 8 700
674 5 650
851 8 390
92 8 318
461 8 816
187 8 846
400 8 750
584 8 719
887 8 417
213 8 390
491 8 658
837 5 834
370 8 816
889 5 56
761 8 719
329 8 719
461 8 846
86 8 658
761 5 399
18 5 355
850 8 417
805 8 390
461 8 841
174 5 9
847 8 750
635 8 841
246 5 399
635 8 846
266 5 517
60 8 446
388 8 417
188 5 517
43 8 719
73 8 719
825 8 719
617 8 417
805 8 318
81 8 658
395 5 218
395 5 213
327 8 719
86 8 846
487 8 750
725 5 834
850 8 837
357 5 517
738 8 7
753 8 900
188 5 779
197 8 900
761 8 750
92 8 750
86 8 841
945 5 355
460 5 569
87 5 779
934 8 390
266 5 779
213 8 192
614 5 399
371 8 318
744 8 390
400 8 318
460 5 355
187 8 816
487 8 719
635 8 816
793 8 7
216 8 390
170 5 517
60 8 658
505 8 446
340 8 900
906 8 700
771 5 650
387 5 834
656 8 719
81 8 446
847 8 719
137 5 56
642 5 834
752 5 834
303 8 837
130 8 417
164 8 841
447 5 56
922 5 218
354 5 399
697 5 650
922 5 213
505 8 658
18 8 816
213 8 773
889 5 355
176 8 750
326 8 390
825 8 750
315 8 446
832 8 417
355 5 355
9 8 841
9 8 846
92 8 719
213 8 536
148 5 213
642 5 218
164 8 846
761 8 318
166 5 834
246 5 779
86 8 816
995 8 7
460 5 56
545 8 750
329 8 318
286 8 750
340 8 700
761 5 779
738 8 900
104 8 390
165 5 834
995 8 417
357 5 779
998 5 399
213 8 318
906 8 900
537 8 446
656 8 750
761 5 9
355 5 569
343 8 750
752 5 213
87 5 399
771 5 56
213 8 570
825 8 318
73 8 318
289 5 9
246 5 9
327 8 318
188 5 9
761 5 517
81 8 816
18 8 841
4 5 650
858 5 517
286 8 719
176 8 719
18 8 846
340 8 773
340 8 536
138 5 355
479 5 834
752 5 218
130 8 837
400 8 719
137 5 569
642 5 213
388 8 837
9 8 658
617 8 837
545 8 318
329 8 750
487 8 318
164 8 658
371 8 390
274 8 417
858 5 779
505 8 846
138 5 569
326 8 318
505 8 841
526 5 569
216 8 318
934 8 318
656 8 318
81 8 841
343 8 719
81 8 846
887 8 837
--------------------------------------
246 5 834
642 8 841
642 8 846
144 8 446
851 8 719
995 8 700
934 8 846
104 8 318
656 5 834
761 5 834
545 8 816
934 8 841
375 5 779
329 8 390
370 8 390
326 8 658
473 8 846
170 5 9
896 8 841
858 5 399
896 8 846
889 5 650
216 8 658
371 8 816
915 8 719
388 8 192
3 8 446
253 8 816
340 8 570
922 5 834
837 5 399
315 8 750
18 8 318
193 5 569
213 8 700
473 8 841
144 8 658
843 8 719
832 8 837
375 5 517
526 5 56
253 8 841
197 8 773
642 8 816
197 8 536
148 5 399
799 8 816
537 8 846
537 8 841
149 8 446
213 8 719
274 8 7
473 8 816
216 8 841
642 5 399
896 8 658
216 8 846
174 5 834
995 8 900
303 8 192
744 8 841
86 8 390
138 5 56
43 8 390
744 8 846
149 8 658
697 5 569
491 5 650
274 8 837
73 8 390
793 8 192
865 8 318
176 8 318
286 8 318
130 8 7
934 8 816
752 5 9
289 5 218
851 8 750
354 5 517
479 5 213
697 5 355
752 5 399
614 5 834
326 8 846
696 8 318
326 8 841
213 8 750
289 5 213
315 8 318
843 8 750
537 8 658
164 8 816
122 5 399
3 8 658
343 8 446
387 5 9
957 8 719
533 8 446
738 8 700
197 8 570
104 8 750
545 8 841
744 8 816
354 5 779
545 8 846
479 5 218
642 8 446
851 8 318
144 8 841
447 5 569
371 8 658
738 8 570
187 8 446
130 8 192
274 8 192
148 5 9
43 8 750
104 8 719
936 5 650
805 8 750
326 8 816
865 8 750
896 8 446
216 8 816
915 8 318
584 8 446
303 8 536
370 8 318
461 8 658
303 8 773
3 8 846
253 8 658
144 8 846
491 8 719
3 8 841
697 5 56
533 8 658
174 5 213
753 8 417
197 8 700
174 5 218
447 5 355
656 5 213
674 5 56
793 8 536
656 5 218
473 8 446
843 8 318
144 8 816
18 8 390
165 5 399
617 8 192
725 5 218
642 8 658
253 8 446
793 8 773
461 8 446
725 5 213
213 8 7
149 8 846
799 8 658
584 8 658
635 8 446
998 5 834
957 8 750
149 8 841
696 8 750
87 5 834
614 5 213
738 8 536
166 5 218
86 8 318
166 5 213
614 5 218
473 8 658
60 8 846
887 8 192
837 5 779
43 8 318
738 8 773
60 8 841
805 8 719
744 8 446
149 8 816
176 8 390
253 8 846
122 5 779
122 5 517
170 5 218
915 8 750
170 5 213
81 8 390
843 8 390
387 5 218
865 8 719
18 5 56
370 8 750
400 8 390
922 5 9
847 8 446
696 8 719
315 8 719
303 8 570
837 5 517
799 8 846
187 8 658
213 8 900
832 8 192
537 8 816
387 5 213
906 8 417
479 5 9
3 8 816
395 5 517
375 5 399
635 8 658
286 8 390
799 8 841
92 8 446
533 8 846
793 8 570
60 8 816
533 8 841
371 8 841
371 8 846
266 5 399
340 8 192
289 5 834
957 8 318
744 8 658
303 8 7
266 5 834
761 8 816
491 8 318
771 5 569
753 8 837
9 8 318
696 8 816
370 8 719
329 8 816
460 5 650
303 8 700
584 8 846
187 8 719
487 8 816
395 5 779
86 8 750
635 8 719
164 8 318
617 8 570
166 5 9
858 5 834
725 5 517
537 8 390
847 8 658
656 5 399
60 8 750
584 8 841
387 5 779
357 5 834
998 5 213
656 8 816
505 8 390
887 8 773
793 8 700
998 5 218
887 8 536
343 8 816
752 5 779
642 5 9
922 5 399
253 8 390
130 8 570
533 8 816
617 8 7
81 8 750
274 8 570
642 8 390
761 8 841
850 8 773
761 8 846
945 5 56
170 5 834
850 8 536
187 8 750
387 5 517
73 8 846
461 8 719
92 8 658
188 5 834
738 8 192
329 8 846
584 8 816
473 8 390
73 8 841
329 8 841
138 5 650
752 5 517
896 8 390
642 5 517
388 8 773
388 8 536
850 8 700
86 8 719
174 5 399
400 8 658
491 8 750
461 8 750
617 8 536
656 8 846
832 8 570
906 8 837
165 5 517
617 8 773
656 8 841
906 8 7
165 5 779
60 8 318
674 5 569
43 8 846
165 5 9
805 8 446
825 8 846
936 5 56
825 8 841
43 8 841
327 8 841
327 8 846
505 8 318
130 8 536
847 8 841
847 8 846
130 8 773
915 8 446
656 5 9
825 8 816
957 8 390
887 8 570
43 8 816
73 8 816
92 8 846
995 8 570
761 5 218
81 8 318
799 8 446
92 8 841
327 8 816
122 5 834
887 8 7
355 5 650
371 8 446
400 8 446
164 8 390
674 5 355
9 8 390
388 8 570
487 8 846
487 8 841
850 8 900
761 8 658
340 8 837
289 5 399
9 8 719
934 8 446
329 8 658
491 8 390
537 8 318
545 8 658
887 8 700
164 8 719
487 8 658
761 5 213
388 8 900
832 8 773
832 8 536
213 8 658
188 5 218
213 8 417
656 8 658
188 5 213
354 5 9
847 8 816
246 5 213
343 8 658
87 5 218
87 5 213
18 8 719
505 8 750
148 5 779
176 8 846
395 5 399
137 5 650
858 5 218
761 8 446
164 8 750
995 8 773
144 8 390
725 5 9
858 5 213
995 8 536
832 8 7
526 5 650
92 8 816
73 8 446
329 8 446
400 8 816
896 8 816
9 8 750
216 8 446
922 5 779
148 5 517
286 8 846
303 8 900
213 8 446
656 8 446
843 8 816
149 8 390
388 8 700
197 8 192
998 5 9
286 8 841
533 8 390
388 8 7
176 8 841
825 8 446
327 8 446
793 8 900
934 8 658
753 8 192
642 5 779
246 5 218
81 8 719
18 8 750
326 8 446
922 5 517
825 8 658
357 5 213
73 8 658
60 8 390
343 8 846
865 8 390
327 8 658
274 8 773
505 8 719
375 5 834
274 8 536
395 5 9
130 8 700
343 8 841
3 8 390
400 8 841
286 8 816
176 8 816
357 5 218
400 8 846
617 8 700
545 8 446
696 8 390
193 5 355
315 8 390
487 8 446
166 5 779
274 8 900
505 8 816
906 8 192
614 5 779
461 8 390
343 8 390
174 5 517
537 8 719
18 8 658
357 5 399
850 8 192
3 8 318
144 8 318
137 5 355
995 8 837
315 8 841
642 8 719
487 8 390
315 8 846
635 8 390
761 8 390
744 8 750
104 8 446
799 8 719
4 5 569
479 5 517
289 5 779
213 8 816
193 5 650
166 5 517
354 5 213
584 8 390
473 8 719
266 5 9
896 8 719
805 8 816
340 8 417
526 5 355
614 5 517
832 8 700
851 8 816
4 5 56
149 8 318
104 8 658
197 8 417
614 5 9
193 5 56
130 8 900
491 5 355
216 8 750
170 5 399
326 8 750
915 8 816
617 8 900
289 5 517
188 5 399
843 8 841
934 8 750
354 5 218
479 5 779
843 8 846
213 8 837
253 8 719
533 8 318
246 5 517
865 8 446
315 8 658
213 8 846
656 5 517
213 8 841
375 5 213
887 8 900
843 8 658
375 5 218
537 8 750
957 8 816
18 8 446
696 8 446
725 5 399
122 5 9
286 8 446
889 5 569
176 8 446
744 8 719
832 8 900
656 8 390
87 5 9
491 5 569
148 5 218
9 8 816
656 5 779
149 8 750
545 8 719
738 8 837
825 8 390
851 8 846
326 8 719
187 8 390
4 5 355
851 8 841
176 8 658
327 8 390
216 8 719
865 8 658
934 8 719
286 8 658
896 8 750
753 8 570
343 8 318
274 8 700
92 8 390
837 5 213
696 8 658
837 5 218
144 8 719
197 8 837
187 8 318
387 5 399
847 8 390
3 8 719
370 8 446
957 8 841
122 5 213
957 8 846
122 5 218
635 8 318
170 5 779
491 8 841
491 8 846
642 8 318
799 8 318
104 8 846
584 8 318
104 8 841
266 5 213
354 5 834
533 8 750
303 8 417
906 8 570
266 5 218
851 8 658
371 8 750
473 8 318
166 5 399
753 8 536
896 8 318
753 8 773
149 8 719
805 8 658
793 8 417
395 5 834
104 8 816
3 8 750
915 8 658
370 8 658
843 8 446
461 8 318
491 8 816
253 8 318
479 5 399
738 8 417
865 8 841
533 8 719
865 8 846
315 8 816
355 5 56
447 5 650
635 8 750
995 8 192
771 5 355
696 8 841
18 5 650
696 8 846
805 8 841
805 8 846
936 5 569
998 5 779
43 8 446
799 8 750
491 5 56
858 5 9
60 8 719
957 8 658
86 8 446
744 8 318
253 8 750
915 8 841
43 8 658
906 8 536
584 8 750
174 5 779
915 8 846
906 8 773
197 8 7
340 8 7
850 8 570
936 5 355
642 8 750
144 8 750
851 8 446
725 5 779
357 5 9
847 8 318
865 8 816
837 5 9
371 8 719
945 5 650
998 5 517
473 8 750
799 8 390
164 8 446
753 8 7
87 5 517
850 8 7
148 5 834
187 8 841
375 5 9
327 8 750
793 8 837
370 8 846
370 8 841
957 8 446
73 8 750
945 5 569
18 5 569
915 8 390
491 8 446
165 5 213
9 8 446
165 5 218
545 8 390
753 8 700
674 5 650
851 8 390
92 8 318
461 8 816
187 8 846
400 8 750
584 8 719
887 8 417
213 8 390
491 8 658
837 5 834
370 8 816
889 5 56
761 8 719
329 8 719
461 8 846
86 8 658
761 5 399
18 5 355
850 8 417
805 8 390
461 8 841
174 5 9
847 8 750
635 8 841
246 5 399
635 8 846
266 5 517
60 8 446
388 8 417
188 5 517
43 8 719
73 8 719
825 8 719
617 8 417
805 8 318
81 8 658
395 5 218
395 5 213
327 8 719
86 8 846
487 8 750
725 5 834
850 8 837
357 5 517
738 8 7
753 8 900
188 5 779
197 8 900
761 8 750
92 8 750
86 8 841
945 5 355
460 5 569
87 5 779
934 8 390
266 5 779
213 8 192
614 5 399
371 8 318
744 8 390
400 8 318
460 5 355
187 8 816
487 8 719
635 8 816
793 8 7
216 8 390
170 5 517
60 8 658
505 8 446
340 8 900
906 8 700
771 5 650
387 5 834
656 8 719
81 8 446
847 8 719
137 5 56
642 5 834
752 5 834
303 8 837
130 8 417
164 8 841
447 5 56
922 5 218
354 5 399
697 5 650
922 5 213
505 8 658
18 8 816
213 8 773
889 5 355
176 8 750
326 8 390
825 8 750
315 8 446
832 8 417
355 5 355
9 8 841
9 8 846
92 8 719
213 8 536
148 5 213
642 5 218
164 8 846
761 8 318
166 5 834
246 5 779
86 8 816
995 8 7
460 5 56
545 8 750
329 8 318
286 8 750
340 8 700
761 5 779
738 8 900
104 8 390
165 5 834
995 8 417
357 5 779
998 5 399
213 8 318
906 8 900
537 8 446
656 8 750
761 5 9
355 5 569
343 8 750
752 5 213
87 5 399
771 5 56
213 8 570
825 8 318
73 8 318
289 5 9
246 5 9
327 8 318
188 5 9
761 5 517
81 8 816
18 8 841
4 5 650
858 5 517
286 8 719
176 8 719
18 8 846
340 8 773
340 8 536
138 5 355
479 5 834
752 5 218
130 8 837
400 8 719
137 5 569
642 5 213
388 8 837
9 8 658
617 8 837
545 8 318
329 8 750
487 8 318
164 8 658
371 8 390
274 8 417
858 5 779
505 8 846
138 5 569
326 8 318
505 8 841
526 5 569
216 8 318
934 8 318
656 8 318
81 8 841
343 8 719
81 8 846
887 8 837
--------------------------------------
246 5 834
642 8 841
642 8 846
144 8 446
851 8 719
995 8 700
918 9 466
934 8 846
104 8 318
656 5 834
761 5 834
545 8 816
934 8 841
375 5 779
329 8 390
370 8 390
326 8 658
473 8 846
170 5 9
896 8 841
858 5 399
896 8 846
216 8 658
371 8 816
915 8 719
388 8 192
769 9 808
3 8 446
253 8 816
340 8 570
922 5 834
837 5 399
315 8 750
915 9 30
993 9 466
18 8 318
213 8 700
473 8 841
144 8 658
843 8 719
832 8 837
375 5 517
253 8 841
197 8 773
642 8 816
197 8 536
148 5 399
799 8 816
537 8 846
537 8 841
149 8 446
213 8 719
274 8 7
473 8 816
216 8 841
642 5 399
896 8 658
216 8 846
174 5 834
995 8 900
303 8 192
744 8 841
86 8 390
343 9 30
43 8 390
744 8 846
149 8 658
274 8 837
73 8 390
793 8 192
865 8 318
828 9 808
176 8 318
286 8 318
924 9 343
130 8 7
934 8 816
752 5 9
289 5 218
851 8 750
354 5 517
79 9 466
479 5 213
752 5 399
614 5 834
326 8 846
83 9 466
615 9 343
696 8 318
326 8 841
213 8 750
289 5 213
315 8 318
843 8 750
537 8 658
164 8 816
122 5 399
3 8 658
924 9 30
343 8 446
890 9 808
387 5 9
957 8 719
533 8 446
738 8 700
197 8 570
104 8 750
545 8 841
891 9 808
744 8 816
354 5 779
545 8 846
479 5 218
668 9 466
642 8 446
851 8 318
144 8 841
630 9 466
915 9 343
371 8 658
738 8 570
187 8 446
130 8 192
274 8 192
148 5 9
43 8 750
349 9 343
104 8 719
805 8 750
326 8 816
865 8 750
896 8 446
216 8 816
915 8 318
584 8 446
303 8 536
665 9 30
370 8 318
461 8 658
303 8 773
3 8 846
253 8 658
144 8 846
491 8 719
3 8 841
533 8 658
174 5 213
700 9 343
753 8 417
197 8 700
174 5 218
656 5 213
793 8 536
656 5 218
473 8 446
843 8 318
144 8 816
18 8 390
165 5 399
617 8 192
725 5 218
642 8 658
253 8 446
793 8 773
461 8 446
725 5 213
213 8 7
149 8 846
799 8 658
584 8 658
635 8 446
998 5 834
957 8 750
149 8 841
696 8 750
87 5 834
614 5 213
738 8 536
166 5 218
86 8 318
166 5 213
91 9 466
614 5 218
473 8 658
60 8 846
887 8 192
837 5 779
43 8 318
738 8 773
60 8 841
805 8 719
744 8 446
149 8 816
176 8 390
253 8 846
122 5 779
828 9 30
122 5 517
170 5 218
915 8 750
170 5 213
81 8 390
843 8 390
849 9 343
387 5 218
865 8 719
370 8 750
400 8 390
922 5 9
847 8 446
696 8 719
604 9 808
315 8 719
303 8 570
837 5 517
799 8 846
187 8 658
213 8 900
832 8 192
537 8 816
387 5 213
906 8 417
479 5 9
3 8 816
395 5 517
375 5 399
635 8 658
286 8 390
799 8 841
92 8 446
533 8 846
793 8 570
679 9 343
60 8 816
533 8 841
371 8 841
42 9 343
371 8 846
266 5 399
340 8 192
289 5 834
957 8 318
744 8 658
580 9 343
303 8 7
555 9 343
266 5 834
761 8 816
491 8 318
753 8 837
9 8 318
696 8 816
370 8 719
329 8 816
303 8 700
584 8 846
145 9 343
187 8 719
487 8 816
395 5 779
86 8 750
635 8 719
164 8 318
617 8 570
166 5 9
858 5 834
725 5 517
537 8 390
847 8 658
656 5 399
606 9 466
60 8 750
584 8 841
387 5 779
357 5 834
998 5 213
668 9 30
656 8 816
505 8 390
887 8 773
793 8 700
580 9 30
998 5 218
887 8 536
343 8 816
752 5 779
642 5 9
678 9 466
922 5 399
665 9 343
253 8 390
130 8 570
533 8 816
617 8 7
81 8 750
274 8 570
642 8 390
761 8 841
850 8 773
761 8 846
170 5 834
850 8 536
601 9 466
769 9 466
890 9 466
187 8 750
387 5 517
73 8 846
461 8 719
92 8 658
188 5 834
738 8 192
329 8 846
584 8 816
473 8 390
46 9 343
828 9 466
73 8 841
329 8 841
752 5 517
896 8 390
642 5 517
924 9 808
388 8 773
981 9 466
388 8 536
850 8 700
86 8 719
174 5 399
400 8 658
491 8 750
461 8 750
617 8 536
656 8 846
832 8 570
906 8 837
165 5 517
617 8 773
656 8 841
906 8 7
165 5 779
60 8 318
43 8 846
165 5 9
805 8 446
825 8 846
825 8 841
43 8 841
327 8 841
327 8 846
505 8 318
130 8 536
847 8 841
847 8 846
130 8 773
915 8 446
656 5 9
825 8 816
957 8 390
887 8 570
43 8 816
73 8 816
92 8 846
995 8 570
343 9 466
761 5 218
81 8 318
799 8 446
92 8 841
327 8 816
122 5 834
887 8 7
371 8 446
981 9 30
400 8 446
164 8 390
615 9 30
9 8 390
388 8 570
487 8 846
487 8 841
850 8 900
761 8 658
340 8 837
289 5 399
91 9 30
9 8 719
934 8 446
329 8 658
491 8 390
700 9 808
537 8 318
545 8 658
887 8 700
164 8 719
487 8 658
343 9 808
761 5 213
388 8 900
832 8 773
832 8 536
213 8 658
188 5 218
213 8 417
656 8 658
42 9 808
188 5 213
354 5 9
847 8 816
246 5 213
343 8 658
87 5 218
87 5 213
891 9 466
18 8 719
601 9 30
505 8 750
148 5 779
176 8 846
395 5 399
858 5 218
761 8 446
164 8 750
995 8 773
144 8 390
79 9 808
725 5 9
858 5 213
995 8 536
849 9 808
832 8 7
92 8 816
73 8 446
329 8 446
400 8 816
896 8 816
9 8 750
216 8 446
922 5 779
580 9 808
148 5 517
286 8 846
303 8 900
213 8 446
656 8 446
843 8 816
604 9 466
890 9 30
149 8 390
388 8 700
197 8 192
998 5 9
679 9 808
286 8 841
533 8 390
388 8 7
176 8 841
825 8 446
327 8 446
793 8 900
934 8 658
753 8 192
642 5 779
349 9 808
246 5 218
81 8 719
18 8 750
326 8 446
922 5 517
825 8 658
357 5 213
73 8 658
91 9 808
60 8 390
343 8 846
865 8 390
769 9 30
327 8 658
274 8 773
505 8 719
375 5 834
274 8 536
395 5 9
130 8 700
343 8 841
3 8 390
400 8 841
286 8 816
678 9 808
176 8 816
357 5 218
400 8 846
617 8 700
545 8 446
696 8 390
315 8 390
487 8 446
166 5 779
274 8 900
505 8 816
906 8 192
614 5 779
461 8 390
343 8 390
665 9 808
604 9 30
918 9 343
174 5 517
537 8 719
18 8 658
357 5 399
850 8 192
3 8 318
144 8 318
995 8 837
315 8 841
642 8 719
487 8 390
315 8 846
635 8 390
761 8 390
744 8 750
993 9 343
104 8 446
799 8 719
479 5 517
289 5 779
213 8 816
166 5 517
354 5 213
584 8 390
473 8 719
266 5 9
896 8 719
805 8 816
340 8 417
614 5 517
832 8 700
851 8 816
149 8 318
104 8 658
197 8 417
614 5 9
130 8 900
216 8 750
170 5 399
326 8 750
915 8 816
617 8 900
606 9 808
289 5 517
188 5 399
843 8 841
934 8 750
354 5 218
479 5 779
843 8 846
213 8 837
253 8 719
533 8 318
246 5 517
865 8 446
315 8 658
213 8 846
656 5 517
213 8 841
375 5 213
887 8 900
843 8 658
375 5 218
537 8 750
46 9 808
957 8 816
924 9 466
18 8 446
696 8 446
725 5 399
122 5 9
286 8 446
176 8 446
744 8 719
79 9 343
832 8 900
656 8 390
615 9 466
87 5 9
148 5 218
83 9 343
9 8 816
555 9 808
656 5 779
915 9 808
149 8 750
545 8 719
738 8 837
825 8 390
851 8 846
326 8 719
187 8 390
145 9 808
851 8 841
176 8 658
327 8 390
216 8 719
865 8 658
934 8 719
286 8 658
678 9 30
896 8 750
753 8 570
343 8 318
668 9 343
274 8 700
92 8 390
915 9 466
837 5 213
918 9 30
696 8 658
837 5 218
144 8 719
197 8 837
187 8 318
387 5 399
349 9 466
847 8 390
3 8 719
370 8 446
957 8 841
122 5 213
957 8 846
122 5 218
635 8 318
170 5 779
491 8 841
491 8 846
642 8 318
799 8 318
104 8 846
584 8 318
104 8 841
266 5 213
354 5 834
533 8 750
303 8 417
906 8 570
700 9 466
266 5 218
851 8 658
371 8 750
473 8 318
166 5 399
753 8 536
896 8 318
753 8 773
149 8 719
805 8 658
793 8 417
395 5 834
104 8 816
3 8 750
915 8 658
370 8 658
981 9 808
843 8 446
461 8 318
630 9 343
491 8 816
253 8 318
479 5 399
738 8 417
91 9 343
865 8 841
533 8 719
865 8 846
315 8 816
891 9 30
635 8 750
995 8 192
696 8 841
696 8 846
849 9 466
805 8 841
630 9 30
805 8 846
601 9 808
998 5 779
43 8 446
799 8 750
145 9 30
858 5 9
60 8 719
957 8 658
86 8 446
744 8 318
253 8 750
915 8 841
43 8 658
906 8 536
584 8 750
174 5 779
915 8 846
906 8 773
197 8 7
340 8 7
850 8 570
642 8 750
144 8 750
851 8 446
679 9 466
725 5 779
357 5 9
847 8 318
42 9 466
865 8 816
837 5 9
42 9 30
371 8 719
998 5 517
700 9 30
473 8 750
580 9 466
799 8 390
849 9 30
164 8 446
753 8 7
87 5 517
850 8 7
555 9 466
148 5 834
187 8 841
375 5 9
327 8 750
793 8 837
145 9 466
370 8 846
370 8 841
957 8 446
73 8 750
915 8 390
491 8 446
165 5 213
606 9 343
9 8 446
606 9 30
165 5 218
545 8 390
753 8 700
851 8 390
92 8 318
461 8 816
187 8 846
400 8 750
584 8 719
678 9 343
887 8 417
213 8 390
665 9 466
46 9 30
491 8 658
837 5 834
370 8 816
761 8 719
329 8 719
461 8 846
918 9 808
86 8 658
769 9 343
761 5 399
850 8 417
601 9 343
805 8 390
461 8 841
174 5 9
847 8 750
890 9 343
635 8 841
46 9 466
828 9 343
246 5 399
635 8 846
266 5 517
981 9 343
60 8 446
388 8 417
993 9 808
188 5 517
43 8 719
73 8 719
825 8 719
617 8 417
805 8 318
81 8 658
395 5 218
83 9 808
395 5 213
327 8 719
86 8 846
487 8 750
725 5 834
850 8 837
357 5 517
738 8 7
753 8 900
188 5 779
197 8 900
761 8 750
92 8 750
86 8 841
79 9 30
87 5 779
934 8 390
266 5 779
213 8 192
614 5 399
371 8 318
744 8 390
400 8 318
187 8 816
487 8 719
343 9 343
635 8 816
793 8 7
555 9 30
216 8 390
170 5 517
60 8 658
505 8 446
83 9 30
340 8 900
906 8 700
387 5 834
656 8 719
81 8 446
847 8 719
642 5 834
752 5 834
303 8 837
130 8 417
164 8 841
922 5 218
354 5 399
922 5 213
505 8 658
18 8 816
213 8 773
349 9 30
176 8 750
615 9 808
326 8 390
825 8 750
315 8 446
832 8 417
9 8 841
668 9 808
9 8 846
92 8 719
213 8 536
148 5 213
642 5 218
679 9 30
164 8 846
761 8 318
166 5 834
891 9 343
246 5 779
86 8 816
995 8 7
545 8 750
329 8 318
286 8 750
340 8 700
761 5 779
738 8 900
104 8 390
165 5 834
995 8 417
357 5 779
998 5 399
213 8 318
906 8 900
537 8 446
656 8 750
761 5 9
343 8 750
752 5 213
87 5 399
213 8 570
825 8 318
73 8 318
289 5 9
246 5 9
327 8 318
188 5 9
761 5 517
81 8 816
604 9 343
18 8 841
858 5 517
286 8 719
176 8 719
18 8 846
340 8 773
340 8 536
479 5 834
752 5 218
130 8 837
400 8 719
642 5 213
388 8 837
9 8 658
630 9 808
617 8 837
545 8 318
329 8 750
487 8 318
993 9 30
164 8 658
371 8 390
274 8 417
858 5 779
505 8 846
326 8 318
505 8 841
216 8 318
934 8 318
656 8 318
81 8 841
343 8 719
81 8 846
887 8 837
--------------------------------------
246 5 834
642 8 841
642 8 846
144 8 446
851 8 719
995 8 700
918 9 466
934 8 846
104 8 318
656 5 834
761 5 834
545 8 816
934 8 841
375 5 779
695 3 692
329 8 390
370 8 390
326 8 658
473 8 846
170 5 9
896 8 841
858 5 399
896 8 846
216 8 658
371 8 816
915 8 719
388 8 192
769 9 808
851 3 692
3 8 446
253 8 816
340 8 570
922 5 834
837 5 399
315 8 750
915 9 30
993 9 466
18 8 318
213 8 700
473 8 841
144 8 658
843 8 719
116 3 659
832 8 837
375 5 517
253 8 841
197 8 773
642 8 816
197 8 536
148 5 399
799 8 816
537 8 846
537 8 841
149 8 446
213 8 719
274 8 7
473 8 816
216 8 841
642 5 399
896 8 658
216 8 846
174 5 834
995 8 900
303 8 192
744 8 841
86 8 390
124 3 659
343 9 30
43 8 390
744 8 846
149 8 658
274 8 837
73 8 390
793 8 192
865 8 318
828 9 808
695 3 659
176 8 318
286 8 318
924 9 343
130 8 7
934 8 816
752 5 9
289 5 218
851 8 750
354 5 517
79 9 466
479 5 213
752 5 399
614 5 834
326 8 846
83 9 466
615 9 343
696 8 318
326 8 841
213 8 750
289 5 213
315 8 318
843 8 750
537 8 658
164 8 816
122 5 399
3 8 658
924 9 30
343 8 446
890 9 808
387 5 9
957 8 719
116 3 692
533 8 446
738 8 700
197 8 570
104 8 750
545 8 841
891 9 808
744 8 816
354 5 779
545 8 846
479 5 218
668 9 466
966 3 692
642 8 446
851 8 318
144 8 841
630 9 466
915 9 343
371 8 658
738 8 570
187 8 446
130 8 192
274 8 192
148 5 9
43 8 750
349 9 343
104 8 719
491 3 692
805 8 750
326 8 816
865 8 750
896 8 446
216 8 816
59 3 659
915 8 318
584 8 446
303 8 536
665 9 30
370 8 318
461 8 658
303 8 773
3 8 846
253 8 658
144 8 846
491 8 719
3 8 841
533 8 658
174 5 213
700 9 343
753 8 417
197 8 700
174 5 218
656 5 213
793 8 536
656 5 218
473 8 446
161 3 659
843 8 318
144 8 816
18 8 390
165 5 399
617 8 192
725 5 218
642 8 658
253 8 446
793 8 773
461 8 446
725 5 213
213 8 7
149 8 846
799 8 658
584 8 658
635 8 446
998 5 834
957 8 750
601 3 659
149 8 841
696 8 750
87 5 834
614 5 213
738 8 536
166 5 218
86 8 318
166 5 213
91 9 466
614 5 218
473 8 658
60 8 846
887 8 192
837 5 779
43 8 318
738 8 773
601 3 692
60 8 841
491 3 659
805 8 719
744 8 446
149 8 816
176 8 390
253 8 846
122 5 779
828 9 30
122 5 517
170 5 218
915 8 750
170 5 213
81 8 390
843 8 390
849 9 343
387 5 218
865 8 719
370 8 750
59 3 692
400 8 390
922 5 9
847 8 446
696 8 719
604 9 808
315 8 719
303 8 570
837 5 517
161 3 692
799 8 846
187 8 658
213 8 900
832 8 192
537 8 816
387 5 213
906 8 417
479 5 9
3 8 816
395 5 517
375 5 399
635 8 658
286 8 390
799 8 841
92 8 446
533 8 846
793 8 570
679 9 343
214 3 692
983 3 692
60 8 816
533 8 841
371 8 841
42 9 343
371 8 846
266 5 399
340 8 192
289 5 834
957 8 318
744 8 658
580 9 343
303 8 7
555 9 343
266 5 834
761 8 816
491 8 318
753 8 837
9 8 318
696 8 816
370 8 719
329 8 816
303 8 700
584 8 846
145 9 343
983 3 659
187 8 719
487 8 816
395 5 779
86 8 750
635 8 719
164 8 318
617 8 570
166 5 9
858 5 834
725 5 517
246 3 659
537 8 390
847 8 658
656 5 399
606 9 466
60 8 750
584 8 841
387 5 779
357 5 834
998 5 213
668 9 30
611 3 659
656 8 816
505 8 390
887 8 773
793 8 700
580 9 30
998 5 218
887 8 536
343 8 816
752 5 779
642 5 9
678 9 466
922 5 399
665 9 343
253 8 390
130 8 570
533 8 816
617 8 7
852 3 692
81 8 750
246 3 692
274 8 570
642 8 390
214 3 659
761 8 841
850 8 773
761 8 846
170 5 834
850 8 536
601 9 466
769 9 466
890 9 466
187 8 750
387 5 517
592 3 692
73 8 846
461 8 719
92 8 658
188 5 834
738 8 192
329 8 846
584 8 816
473 8 390
46 9 343
828 9 466
73 8 841
329 8 841
752 5 517
896 8 390
642 5 517
924 9 808
388 8 773
981 9 466
388 8 536
850 8 700
86 8 719
174 5 399
418 3 692
611 3 692
400 8 658
491 8 750
461 8 750
617 8 536
656 8 846
832 8 570
906 8 837
165 5 517
617 8 773
656 8 841
906 8 7
165 5 779
60 8 318
43 8 846
165 5 9
805 8 446
825 8 846
825 8 841
43 8 841
327 8 841
327 8 846
388 3 659
505 8 318
130 8 536
847 8 841
847 8 846
130 8 773
915 8 446
656 5 9
825 8 816
957 8 390
887 8 570
43 8 816
73 8 816
388 3 692
92 8 846
995 8 570
343 9 466
761 5 218
81 8 318
799 8 446
92 8 841
327 8 816
122 5 834
887 8 7
592 3 659
371 8 446
981 9 30
400 8 446
164 8 390
615 9 30
9 8 390
388 8 570
487 8 846
487 8 841
966 3 659
850 8 900
761 8 658
248 3 692
340 8 837
289 5 399
91 9 30
9 8 719
934 8 446
329 8 658
491 8 390
700 9 808
537 8 318
545 8 658
887 8 700
164 8 719
487 8 658
343 9 808
761 5 213
388 8 900
832 8 773
832 8 536
213 8 658
188 5 218
213 8 417
656 8 658
42 9 808
188 5 213
354 5 9
847 8 816
246 5 213
418 3 659
343 8 658
87 5 218
87 5 213
891 9 466
18 8 719
601 9 30
505 8 750
148 5 779
176 8 846
395 5 399
858 5 218
761 8 446
164 8 750
617 3 692
995 8 773
144 8 390
79 9 808
725 5 9
858 5 213
995 8 536
849 9 808
832 8 7
248 3 659
92 8 816
73 8 446
329 8 446
400 8 816
851 3 659
896 8 816
9 8 750
216 8 446
922 5 779
580 9 808
148 5 517
286 8 846
303 8 900
213 8 446
656 8 446
843 8 816
604 9 466
890 9 30
149 8 390
388 8 700
197 8 192
998 5 9
679 9 808
286 8 841
533 8 390
388 8 7
176 8 841
825 8 446
327 8 446
793 8 900
934 8 658
753 8 192
642 5 779
349 9 808
246 5 218
81 8 719
18 8 750
326 8 446
922 5 517
825 8 658
357 5 213
73 8 658
91 9 808
60 8 390
343 8 846
865 8 390
769 9 30
327 8 658
274 8 773
505 8 719
375 5 834
274 8 536
395 5 9
130 8 700
343 8 841
852 3 659
3 8 390
400 8 841
286 8 816
678 9 808
176 8 816
357 5 218
400 8 846
617 8 700
545 8 446
696 8 390
315 8 390
487 8 446
166 5 779
274 8 900
505 8 816
906 8 192
614 5 779
461 8 390
343 8 390
665 9 808
604 9 30
918 9 343
174 5 517
537 8 719
18 8 658
357 5 399
850 8 192
3 8 318
144 8 318
995 8 837
315 8 841
642 8 719
487 8 390
315 8 846
635 8 390
761 8 390
287 3 659
744 8 750
993 9 343
104 8 446
799 8 719
479 5 517
289 5 779
213 8 816
166 5 517
354 5 213
584 8 390
473 8 719
266 5 9
896 8 719
805 8 816
340 8 417
614 5 517
832 8 700
851 8 816
384 3 692
149 8 318
104 8 658
197 8 417
614 5 9
130 8 900
216 8 750
170 5 399
199 3 692
326 8 750
915 8 816
617 8 900
606 9 808
289 5 517
188 5 399
843 8 841
934 8 750
354 5 218
479 5 779
843 8 846
213 8 837
253 8 719
533 8 318
246 5 517
865 8 446
315 8 658
213 8 846
656 5 517
213 8 841
375 5 213
887 8 900
843 8 658
375 5 218
537 8 750
46 9 808
957 8 816
924 9 466
18 8 446
696 8 446
725 5 399
122 5 9
840 3 692
286 8 446
176 8 446
744 8 719
79 9 343
832 8 900
656 8 390
615 9 466
87 5 9
148 5 218
83 9 343
9 8 816
555 9 808
620 3 659
617 3 659
656 5 779
915 9 808
840 3 659
149 8 750
545 8 719
738 8 837
825 8 390
851 8 846
326 8 719
187 8 390
145 9 808
851 8 841
199 3 659
176 8 658
327 8 390
216 8 719
865 8 658
934 8 719
286 8 658
678 9 30
583 3 692
896 8 750
753 8 570
343 8 318
668 9 343
274 8 700
92 8 390
828 3 659
915 9 466
837 5 213
918 9 30
696 8 658
837 5 218
144 8 719
197 8 837
187 8 318
387 5 399
349 9 466
847 8 390
444 3 692
3 8 719
370 8 446
957 8 841
122 5 213
957 8 846
122 5 218
635 8 318
326 3 692
170 5 779
491 8 841
491 8 846
925 3 692
642 8 318
799 8 318
104 8 846
584 8 318
104 8 841
266 5 213
354 5 834
533 8 750
303 8 417
906 8 570
700 9 466
266 5 218
851 8 658
371 8 750
473 8 318
166 5 399
753 8 536
896 8 318
753 8 773
925 3 659
149 8 719
805 8 658
793 8 417
395 5 834
104 8 816
3 8 750
444 3 659
915 8 658
370 8 658
981 9 808
843 8 446
461 8 318
630 9 343
491 8 816
253 8 318
479 5 399
738 8 417
91 9 343
865 8 841
533 8 719
865 8 846
315 8 816
891 9 30
635 8 750
995 8 192
696 8 841
696 8 846
849 9 466
805 8 841
630 9 30
805 8 846
601 9 808
998 5 779
43 8 446
799 8 750
145 9 30
858 5 9
60 8 719
957 8 658
86 8 446
744 8 318
253 8 750
915 8 841
43 8 658
906 8 536
584 8 750
174 5 779
915 8 846
906 8 773
197 8 7
340 8 7
850 8 570
642 8 750
384 3 659
144 8 750
326 3 659
851 8 446
679 9 466
725 5 779
357 5 9
847 8 318
42 9 466
865 8 816
837 5 9
42 9 30
371 8 719
998 5 517
700 9 30
473 8 750
580 9 466
799 8 390
849 9 30
164 8 446
753 8 7
87 5 517
850 8 7
555 9 466
148 5 834
187 8 841
375 5 9
327 8 750
793 8 837
145 9 466
370 8 846
370 8 841
957 8 446
73 8 750
915 8 390
491 8 446
165 5 213
606 9 343
9 8 446
606 9 30
165 5 218
545 8 390
753 8 700
851 8 390
92 8 318
461 8 816
187 8 846
400 8 750
584 8 719
678 9 343
887 8 417
213 8 390
665 9 466
398 3 659
46 9 30
491 8 658
837 5 834
370 8 816
761 8 719
329 8 719
48 3 692
461 8 846
391 3 659
918 9 808
86 8 658
769 9 343
761 5 399
850 8 417
601 9 343
805 8 390
461 8 841
174 5 9
847 8 750
890 9 343
635 8 841
46 9 466
828 9 343
246 5 399
635 8 846
266 5 517
981 9 343
60 8 446
388 8 417
993 9 808
828 3 692
188 5 517
43 8 719
73 8 719
825 8 719
617 8 417
805 8 318
81 8 658
395 5 218
83 9 808
395 5 213
327 8 719
86 8 846
487 8 750
725 5 834
850 8 837
357 5 517
738 8 7
753 8 900
188 5 779
197 8 900
761 8 750
92 8 750
86 8 841
79 9 30
87 5 779
934 8 390
266 5 779
213 8 192
391 3 692
48 3 659
614 5 399
371 8 318
744 8 390
400 8 318
187 8 816
487 8 719
343 9 343
635 8 816
793 8 7
555 9 30
216 8 390
170 5 517
60 8 658
505 8 446
83 9 30
340 8 900
906 8 700
387 5 834
656 8 719
81 8 446
731 3 659
847 8 719
642 5 834
752 5 834
303 8 837
130 8 417
164 8 841
922 5 218
354 5 399
922 5 213
505 8 658
18 8 816
213 8 773
349 9 30
176 8 750
615 9 808
326 8 390
737 3 659
825 8 750
315 8 446
832 8 417
732 3 659
9 8 841
842 3 659
668 9 808
9 8 846
92 8 719
213 8 536
148 5 213
620 3 692
642 5 218
679 9 30
164 8 846
761 8 318
166 5 834
891 9 343
246 5 779
86 8 816
995 8 7
896 3 659
731 3 692
545 8 750
329 8 318
286 8 750
679 3 692
340 8 700
761 5 779
842 3 692
738 8 900
104 8 390
470 3 692
124 3 692
165 5 834
995 8 417
357 5 779
998 5 399
213 8 318
906 8 900
537 8 446
656 8 750
761 5 9
583 3 659
343 8 750
752 5 213
87 5 399
213 8 570
825 8 318
73 8 318
289 5 9
732 3 692
246 5 9
327 8 318
188 5 9
761 5 517
81 8 816
604 9 343
18 8 841
737 3 692
858 5 517
286 8 719
176 8 719
18 8 846
340 8 773
340 8 536
479 5 834
752 5 218
287 3 692
130 8 837
400 8 719
642 5 213
388 8 837
9 8 658
630 9 808
617 8 837
398 3 692
545 8 318
329 8 750
487 8 318
993 9 30
164 8 658
371 8 390
274 8 417
858 5 779
505 8 846
326 8 318
679 3 659
505 8 841
216 8 318
934 8 318
470 3 659
896 3 692
656 8 318
81 8 841
343 8 719
81 8 846
887 8 837
--------------------------------------
642 8 841
246 5 834
642 8 846
144 8 446
62 5 851
851 8 719
995 8 700
918 9 466
934 8 846
104 8 318
656 5 834
761 5 834
545 8 816
934 8 841
375 5 779
695 3 692
329 8 390
370 8 390
326 8 658
473 8 846
170 5 9
896 8 841
858 5 399
896 8 846
216 8 658
371 8 816
915 8 719
388 8 192
769 9 808
851 3 692
3 8 446
253 8 816
340 8 570
922 5 834
315 8 750
837 5 399
915 9 30
62 5 872
993 9 466
18 8 318
213 8 700
473 8 841
144 8 658
843 8 719
116 3 659
832 8 837
375 5 517
253 8 841
197 8 773
642 8 816
197 8 536
799 8 816
148 5 399
537 8 846
537 8 841
149 8 446
213 8 719
274 8 7
473 8 816
216 8 841
642 5 399
896 8 658
216 8 846
995 8 900
303 8 192
174 5 834
744 8 841
86 8 390
124 3 659
343 9 30
43 8 390
744 8 846
149 8 658
274 8 837
73 8 390
793 8 192
865 8 318
828 9 808
695 3 659
176 8 318
286 8 318
924 9 343
130 8 7
934 8 816
752 5 9
289 5 218
851 8 750
354 5 517
79 9 466
479 5 213
752 5 399
326 8 846
614 5 834
83 9 466
615 9 343
696 8 318
326 8 841
62 5 674
213 8 750
289 5 213
315 8 318
843 8 750
537 8 658
164 8 816
3 8 658
122 5 399
924 9 30
343 8 446
890 9 808
957 8 719
387 5 9
116 3 692
533 8 446
738 8 700
197 8 570
104 8 750
545 8 841
891 9 808
744 8 816
545 8 846
354 5 779
479 5 218
668 9 466
966 3 692
642 8 446
851 8 318
144 8 841
630 9 466
915 9 343
371 8 658
738 8 570
187 8 446
130 8 192
274 8 192
148 5 9
43 8 750
349 9 343
104 8 719
491 3 692
805 8 750
326 8 816
865 8 750
896 8 446
216 8 816
59 3 659
915 8 318
584 8 446
303 8 536
665 9 30
370 8 318
461 8 658
303 8 773
3 8 846
253 8 658
144 8 846
491 8 719
3 8 841
533 8 658
174 5 213
700 9 343
753 8 417
197 8 700
174 5 218
656 5 213
793 8 536
656 5 218
473 8 446
161 3 659
843 8 318
144 8 816
18 8 390
165 5 399
617 8 192
642 8 658
725 5 218
253 8 446
793 8 773
62 5 489
461 8 446
725 5 213
213 8 7
149 8 846
799 8 658
584 8 658
635 8 446
957 8 750
998 5 834
601 3 659
149 8 841
696 8 750
738 8 536
87 5 834
614 5 213
86 8 318
166 5 218
166 5 213
91 9 466
473 8 658
614 5 218
60 8 846
887 8 192
837 5 779
43 8 318
738 8 773
601 3 692
60 8 841
491 3 659
805 8 719
744 8 446
149 8 816
176 8 390
253 8 846
122 5 779
828 9 30
122 5 517
170 5 218
915 8 750
81 8 390
170 5 213
843 8 390
849 9 343
865 8 719
387 5 218
370 8 750
59 3 692
400 8 390
847 8 446
922 5 9
696 8 719
604 9 808
315 8 719
303 8 570
837 5 517
161 3 692
799 8 846
187 8 658
213 8 900
832 8 192
537 8 816
906 8 417
387 5 213
3 8 816
479 5 9
395 5 517
375 5 399
635 8 658
286 8 390
799 8 841
92 8 446
533 8 846
793 8 570
679 9 343
214 3 692
983 3 692
60 8 816
533 8 841
371 8 841
42 9 343
371 8 846
340 8 192
266 5 399
289 5 834
957 8 318
744 8 658
580 9 343
303 8 7
555 9 343
266 5 834
761 8 816
491 8 318
753 8 837
9 8 318
696 8 816
370 8 719
329 8 816
303 8 700
584 8 846
145 9 343
983 3 659
187 8 719
487 8 816
86 8 750
395 5 779
635 8 719
164 8 318
617 8 570
166 5 9
858 5 834
725 5 517
246 3 659
537 8 390
847 8 658
656 5 399
606 9 466
60 8 750
584 8 841
387 5 779
357 5 834
998 5 213
668 9 30
611 3 659
656 8 816
505 8 390
887 8 773
793 8 700
580 9 30
887 8 536
998 5 218
343 8 816
752 5 779
642 5 9
678 9 466
922 5 399
665 9 343
253 8 390
130 8 570
533 8 816
617 8 7
852 3 692
81 8 750
246 3 692
274 8 570
642 8 390
214 3 659
761 8 841
850 8 773
761 8 846
850 8 536
170 5 834
601 9 466
769 9 466
890 9 466
187 8 750
387 5 517
592 3 692
73 8 846
461 8 719
92 8 658
738 8 192
188 5 834
329 8 846
584 8 816
473 8 390
46 9 343
828 9 466
73 8 841
329 8 841
752 5 517
896 8 390
642 5 517
924 9 808
388 8 773
981 9 466
388 8 536
850 8 700
86 8 719
174 5 399
418 3 692
611 3 692
400 8 658
491 8 750
461 8 750
617 8 536
656 8 846
832 8 570
906 8 837
617 8 773
165 5 517
656 8 841
906 8 7
60 8 318
165 5 779
43 8 846
62 5 34
165 5 9
805 8 446
825 8 846
825 8 841
43 8 841
327 8 841
327 8 846
388 3 659
505 8 318
130 8 536
847 8 841
847 8 846
130 8 773
915 8 446
825 8 816
957 8 390
656 5 9
887 8 570
43 8 816
73 8 816
388 3 692
92 8 846
995 8 570
343 9 466
81 8 318
761 5 218
799 8 446
92 8 841
327 8 816
122 5 834
887 8 7
592 3 659
371 8 446
981 9 30
400 8 446
164 8 390
615 9 30
9 8 390
388 8 570
487 8 846
487 8 841
966 3 659
850 8 900
761 8 658
248 3 692
340 8 837
289 5 399
91 9 30
9 8 719
934 8 446
329 8 658
491 8 390
700 9 808
537 8 318
545 8 658
887 8 700
164 8 719
487 8 658
343 9 808
761 5 213
388 8 900
832 8 773
832 8 536
213 8 658
213 8 417
188 5 218
656 8 658
42 9 808
188 5 213
354 5 9
847 8 816
246 5 213
418 3 659
343 8 658
87 5 218
87 5 213
891 9 466
18 8 719
601 9 30
505 8 750
176 8 846
148 5 779
395 5 399
858 5 218
761 8 446
164 8 750
617 3 692
995 8 773
144 8 390
79 9 808
725 5 9
995 8 536
858 5 213
849 9 808
832 8 7
248 3 659
92 8 816
73 8 446
329 8 446
400 8 816
851 3 659
896 8 816
9 8 750
216 8 446
922 5 779
580 9 808
286 8 846
148 5 517
303 8 900
213 8 446
656 8 446
843 8 816
604 9 466
890 9 30
149 8 390
388 8 700
197 8 192
998 5 9
679 9 808
286 8 841
533 8 390
388 8 7
176 8 841
825 8 446
327 8 446
793 8 900
934 8 658
753 8 192
642 5 779
349 9 808
81 8 719
246 5 218
18 8 750
326 8 446
62 5 951
922 5 517
825 8 658
357 5 213
73 8 658
91 9 808
60 8 390
343 8 846
865 8 390
769 9 30
327 8 658
274 8 773
505 8 719
375 5 834
274 8 536
395 5 9
130 8 700
343 8 841
852 3 659
3 8 390
400 8 841
286 8 816
678 9 808
176 8 816
400 8 846
357 5 218
617 8 700
545 8 446
696 8 390
315 8 390
487 8 446
274 8 900
166 5 779
505 8 816
906 8 192
614 5 779
461 8 390
343 8 390
665 9 808
604 9 30
918 9 343
537 8 719
174 5 517
18 8 658
357 5 399
850 8 192
3 8 318
144 8 318
995 8 837
315 8 841
642 8 719
487 8 390
315 8 846
635 8 390
761 8 390
287 3 659
744 8 750
993 9 343
104 8 446
799 8 719
479 5 517
289 5 779
213 8 816
166 5 517
354 5 213
584 8 390
473 8 719
266 5 9
896 8 719
805 8 816
340 8 417
614 5 517
832 8 700
851 8 816
384 3 692
149 8 318
104 8 658
197 8 417
614 5 9
130 8 900
216 8 750
170 5 399
199 3 692
326 8 750
915 8 816
617 8 900
606 9 808
289 5 517
188 5 399
843 8 841
934 8 750
354 5 218
843 8 846
479 5 779
213 8 837
253 8 719
533 8 318
865 8 446
246 5 517
315 8 658
213 8 846
656 5 517
213 8 841
887 8 900
375 5 213
843 8 658
375 5 218
537 8 750
46 9 808
957 8 816
924 9 466
18 8 446
696 8 446
725 5 399
122 5 9
840 3 692
286 8 446
176 8 446
744 8 719
79 9 343
832 8 900
656 8 390
615 9 466
87 5 9
148 5 218
83 9 343
9 8 816
555 9 808
620 3 659
617 3 659
656 5 779
915 9 808
840 3 659
149 8 750
545 8 719
738 8 837
825 8 390
851 8 846
326 8 719
187 8 390
145 9 808
851 8 841
199 3 659
176 8 658
327 8 390
216 8 719
865 8 658
934 8 719
286 8 658
678 9 30
583 3 692
896 8 750
753 8 570
343 8 318
668 9 343
274 8 700
92 8 390
828 3 659
915 9 466
837 5 213
918 9 30
696 8 658
837 5 218
144 8 719
197 8 837
187 8 318
387 5 399
349 9 466
847 8 390
444 3 692
3 8 719
370 8 446
957 8 841
122 5 213
957 8 846
635 8 318
122 5 218
326 3 692
170 5 779
491 8 841
491 8 846
925 3 692
642 8 318
799 8 318
104 8 846
584 8 318
104 8 841
266 5 213
354 5 834
533 8 750
303 8 417
906 8 570
700 9 466
851 8 658
266 5 218
371 8 750
473 8 318
166 5 399
62 5 114
753 8 536
896 8 318
753 8 773
925 3 659
149 8 719
805 8 658
793 8 417
395 5 834
104 8 816
3 8 750
444 3 659
915 8 658
370 8 658
981 9 808
843 8 446
461 8 318
630 9 343
491 8 816
253 8 318
479 5 399
738 8 417
91 9 343
865 8 841
533 8 719
865 8 846
315 8 816
891 9 30
635 8 750
995 8 192
696 8 841
696 8 846
849 9 466
805 8 841
630 9 30
805 8 846
601 9 808
43 8 446
998 5 779
799 8 750
145 9 30
60 8 719
858 5 9
957 8 658
86 8 446
744 8 318
253 8 750
915 8 841
43 8 658
906 8 536
584 8 750
915 8 846
906 8 773
174 5 779
197 8 7
340 8 7
850 8 570
642 8 750
384 3 659
144 8 750
326 3 659
851 8 446
679 9 466
847 8 318
725 5 779
357 5 9
42 9 466
865 8 816
837 5 9
42 9 30
371 8 719
998 5 517
700 9 30
473 8 750
580 9 466
799 8 390
849 9 30
164 8 446
753 8 7
87 5 517
850 8 7
555 9 466
148 5 834
187 8 841
375 5 9
327 8 750
793 8 837
145 9 466
370 8 846
370 8 841
957 8 446
73 8 750
915 8 390
491 8 446
165 5 213
606 9 343
9 8 446
606 9 30
165 5 218
545 8 390
753 8 700
851 8 390
92 8 318
461 8 816
187 8 846
400 8 750
584 8 719
678 9 343
887 8 417
213 8 390
665 9 466
398 3 659
46 9 30
491 8 658
837 5 834
370 8 816
761 8 719
329 8 719
48 3 692
461 8 846
391 3 659
918 9 808
86 8 658
769 9 343
761 5 399
850 8 417
601 9 343
805 8 390
461 8 841
174 5 9
847 8 750
890 9 343
635 8 841
46 9 466
828 9 343
246 5 399
635 8 846
266 5 517
981 9 343
60 8 446
388 8 417
993 9 808
828 3 692
43 8 719
188 5 517
73 8 719
825 8 719
617 8 417
805 8 318
81 8 658
395 5 218
83 9 808
327 8 719
395 5 213
86 8 846
487 8 750
850 8 837
725 5 834
738 8 7
753 8 900
357 5 517
197 8 900
188 5 779
761 8 750
92 8 750
86 8 841
79 9 30
934 8 390
87 5 779
213 8 192
266 5 779
391 3 692
48 3 659
614 5 399
371 8 318
744 8 390
400 8 318
187 8 816
487 8 719
343 9 343
635 8 816
793 8 7
555 9 30
216 8 390
170 5 517
60 8 658
505 8 446
83 9 30
340 8 900
906 8 700
387 5 834
656 8 719
81 8 446
731 3 659
847 8 719
642 5 834
303 8 837
752 5 834
130 8 417
164 8 841
922 5 218
354 5 399
505 8 658
922 5 213
18 8 816
213 8 773
349 9 30
176 8 750
615 9 808
326 8 390
737 3 659
825 8 750
315 8 446
832 8 417
732 3 659
9 8 841
842 3 659
668 9 808
9 8 846
92 8 719
213 8 536
148 5 213
620 3 692
642 5 218
679 9 30
164 8 846
761 8 318
166 5 834
891 9 343
86 8 816
246 5 779
995 8 7
896 3 659
731 3 692
545 8 750
329 8 318
286 8 750
679 3 692
340 8 700
761 5 779
842 3 692
738 8 900
104 8 390
470 3 692
124 3 692
165 5 834
995 8 417
357 5 779
998 5 399
213 8 318
906 8 900
537 8 446
656 8 750
761 5 9
583 3 659
343 8 750
752 5 213
87 5 399
213 8 570
825 8 318
73 8 318
289 5 9
732 3 692
327 8 318
246 5 9
188 5 9
761 5 517
81 8 816
604 9 343
18 8 841
737 3 692
858 5 517
286 8 719
176 8 719
18 8 846
340 8 773
340 8 536
479 5 834
752 5 218
287 3 692
130 8 837
400 8 719
642 5 213
388 8 837
9 8 658
630 9 808
617 8 837
398 3 692
545 8 318
329 8 750
487 8 318
993 9 30
164 8 658
371 8 390
274 8 417
505 8 846
858 5 779
326 8 318
679 3 659
505 8 841
216 8 318
934 8 318
470 3 659
896 3 692
656 8 318
81 8 841
343 8 719
81 8 846
887 8 837
--------------------------------------
170 2 852
642 8 841
246 5 834
805 2 852
642 8 846
321 2 107
321 2 349
144 8 446
62 5 851
851 8 719
918 9 466
934 8 846
104 8 318
613 2 107
613 2 349
656 5 834
761 5 834
545 8 816
934 8 841
375 5 779
843 2 423
695 3 692
329 8 390
370 8 390
326 8 658
473 8 846
170 5 9
900 2 107
900 2 349
896 8 841
858 5 399
896 8 846
216 8 658
371 8 816
910 2 852
915 8 719
769 9 808
851 3 692
3 8 446
253 8 816
922 5 834
315 8 750
837 5 399
915 9 30
62 5 872
993 9 466
146 2 423
18 8 318
365 2 852
473 8 841
144 8 658
843 8 719
690 2 423
116 3 659
375 5 517
253 8 841
636 2 852
642 8 816
300 2 107
300 2 349
443 2 920
799 8 816
148 5 399
537 8 846
537 8 841
149 8 446
213 8 719
473 8 816
216 8 841
642 5 399
636 2 423
896 8 658
216 8 846
174 5 834
744 8 841
86 8 390
124 3 659
343 9 30
43 8 390
744 8 846
149 8 658
773 2 107
773 2 349
853 2 920
805 2 423
815 2 920
73 8 390
865 8 318
828 9 808
695 3 659
176 8 318
286 8 318
424 2 852
924 9 343
934 8 816
752 5 9
289 5 218
851 8 750
354 5 517
79 9 466
170 2 423
479 5 213
843 2 852
72 2 423
752 5 399
326 8 846
614 5 834
83 9 466
615 9 343
696 8 318
326 8 841
62 5 674
213 8 750
289 5 213
57 2 920
315 8 318
843 8 750
537 8 658
164 8 816
3 8 658
122 5 399
823 2 920
924 9 30
343 8 446
890 9 808
957 8 719
387 5 9
116 3 692
533 8 446
104 8 750
545 8 841
891 9 808
744 8 816
545 8 846
354 5 779
479 5 218
668 9 466
966 3 692
642 8 446
851 8 318
144 8 841
630 9 466
915 9 343
371 8 658
187 8 446
148 5 9
43 8 750
349 9 343
713 2 920
111 2 423
104 8 719
491 3 692
805 8 750
326 8 816
865 8 750
896 8 446
216 8 816
59 3 659
915 8 318
584 8 446
365 2 423
665 9 30
370 8 318
461 8 658
3 8 846
253 8 658
144 8 846
491 8 719
3 8 841
533 8 658
174 5 213
700 9 343
424 2 423
174 5 218
656 5 213
656 5 218
473 8 446
161 3 659
843 8 318
144 8 816
18 8 390
165 5 399
773 2 920
642 8 658
725 5 218
253 8 446
62 5 489
490 2 107
490 2 349
461 8 446
112 2 423
725 5 213
149 8 846
799 8 658
378 2 423
584 8 658
635 8 446
957 8 750
998 5 834
601 3 659
149 8 841
696 8 750
87 5 834
614 5 213
86 8 318
166 5 218
166 5 213
91 9 466
473 8 658
614 5 218
60 8 846
837 5 779
43 8 318
601 3 692
60 8 841
491 3 659
805 8 719
744 8 446
149 8 816
176 8 390
253 8 846
122 5 779
828 9 30
122 5 517
72 2 852
170 5 218
915 8 750
81 8 390
170 5 213
843 8 390
849 9 343
865 8 719
387 5 218
111 2 852
370 8 750
59 3 692
400 8 390
847 8 446
922 5 9
879 2 920
696 8 719
604 9 808
315 8 719
837 5 517
112 2 852
950 2 920
161 3 692
935 2 852
799 8 846
187 8 658
613 2 920
378 2 852
718 2 920
537 8 816
387 5 213
3 8 816
479 5 9
395 5 517
375 5 399
635 8 658
286 8 390
799 8 841
92 8 446
533 8 846
679 9 343
214 3 692
983 3 692
60 8 816
533 8 841
510 2 920
371 8 841
42 9 343
371 8 846
266 5 399
289 5 834
957 8 318
744 8 658
580 9 343
555 9 343
266 5 834
761 8 816
491 8 318
9 8 318
696 8 816
370 8 719
329 8 816
292 2 423
584 8 846
145 9 343
983 3 659
187 8 719
487 8 816
86 8 750
395 5 779
635 8 719
164 8 318
166 5 9
858 5 834
725 5 517
510 2 107
510 2 349
246 3 659
537 8 390
847 8 658
351 2 852
656 5 399
606 9 466
60 8 750
584 8 841
112 2 920
387 5 779
357 5 834
998 5 213
668 9 30
611 3 659
656 8 816
505 8 390
580 9 30
998 5 218
145 2 107
145 2 349
343 8 816
752 5 779
642 5 9
678 9 466
922 5 399
665 9 343
253 8 390
533 8 816
852 3 692
81 8 750
246 3 692
642 8 390
214 3 659
761 8 841
761 8 846
170 5 834
601 9 466
769 9 466
890 9 466
900 2 920
187 8 750
409 2 920
387 5 517
592 3 692
73 8 846
461 8 719
92 8 658
188 5 834
329 8 846
57 2 107
584 8 816
473 8 390
46 9 343
828 9 466
73 8 841
329 8 841
752 5 517
896 8 390
642 5 517
924 9 808
981 9 466
86 8 719
174 5 399
300 2 852
418 3 692
611 3 692
400 8 658
491 8 750
57 2 349
461 8 750
656 8 846
165 5 517
823 2 107
823 2 349
656 8 841
60 8 318
165 5 779
43 8 846
490 2 920
62 5 34
165 5 9
805 8 446
825 8 846
292 2 852
825 8 841
43 8 841
327 8 841
327 8 846
388 3 659
505 8 318
847 8 841
847 8 846
915 8 446
825 8 816
957 8 390
656 5 9
43 8 816
965 2 423
73 8 816
388 3 692
359 2 423
92 8 846
343 9 466
713 2 107
713 2 349
81 8 318
761 5 218
799 8 446
92 8 841
327 8 816
122 5 834
321 2 852
592 3 659
371 8 446
981 9 30
400 8 446
164 8 390
615 9 30
378 2 107
378 2 349
9 8 390
487 8 846
416 2 423
487 8 841
966 3 659
761 8 658
248 3 692
289 5 399
950 2 107
950 2 349
91 9 30
9 8 719
934 8 446
329 8 658
491 8 390
700 9 808
537 8 318
545 8 658
164 8 719
487 8 658
690 2 920
343 9 808
761 5 213
935 2 107
935 2 349
213 8 658
188 5 218
656 8 658
42 9 808
188 5 213
354 5 9
847 8 816
170 2 107
170 2 349
246 5 213
418 3 659
343 8 658
87 5 218
87 5 213
891 9 466
18 8 719
601 9 30
505 8 750
176 8 846
148 5 779
395 5 399
858 5 218
853 2 423
761 8 446
164 8 750
617 3 692
144 8 390
79 9 808
725 5 9
858 5 213
849 9 808
359 2 852
248 3 659
92 8 816
73 8 446
329 8 446
400 8 816
851 3 659
896 8 816
9 8 750
216 8 446
922 5 779
580 9 808
879 2 107
879 2 349
351 2 423
286 8 846
148 5 517
146 2 920
910 2 423
213 8 446
656 8 446
416 2 852
718 2 107
718 2 349
843 8 816
604 9 466
890 9 30
843 2 107
843 2 349
149 8 390
998 5 9
965 2 852
679 9 808
286 8 841
533 8 390
176 8 841
825 8 446
327 8 446
934 8 658
642 5 779
349 9 808
81 8 719
246 5 218
853 2 852
18 8 750
326 8 446
62 5 951
922 5 517
825 8 658
357 5 213
73 8 658
91 9 808
60 8 390
343 8 846
865 8 390
769 9 30
327 8 658
505 8 719
375 5 834
395 5 9
343 8 841
852 3 659
3 8 390
400 8 841
286 8 816
678 9 808
300 2 423
176 8 816
365 2 920
400 8 846
357 5 218
145 2 920
545 8 446
696 8 390
315 8 390
487 8 446
166 5 779
505 8 816
614 5 779
461 8 390
343 8 390
665 9 808
604 9 30
918 9 343
537 8 719
174 5 517
18 8 658
424 2 920
357 5 399
3 8 318
144 8 318
315 8 841
773 2 423
642 8 719
950 2 852
487 8 390
315 8 846
635 8 390
761 8 390
965 2 920
287 3 659
744 8 750
993 9 343
104 8 446
799 8 719
479 5 517
289 5 779
416 2 920
213 8 816
166 5 517
354 5 213
584 8 390
473 8 719
266 5 9
72 2 107
72 2 349
896 8 719
805 8 816
614 5 517
851 8 816
384 3 692
149 8 318
104 8 658
614 5 9
216 8 750
879 2 852
170 5 399
57 2 852
199 3 692
326 8 750
915 8 816
606 9 808
289 5 517
188 5 399
843 8 841
934 8 750
354 5 218
843 8 846
479 5 779
253 8 719
533 8 318
865 8 446
246 5 517
950 2 423
315 8 658
213 8 846
656 5 517
213 8 841
375 5 213
843 8 658
375 5 218
537 8 750
46 9 808
957 8 816
924 9 466
18 8 446
696 8 446
409 2 107
409 2 349
725 5 399
122 5 9
910 2 920
840 3 692
286 8 446
176 8 446
378 2 920
744 8 719
79 9 343
656 8 390
615 9 466
87 5 9
148 5 218
83 9 343
9 8 816
555 9 808
620 3 659
617 3 659
111 2 920
656 5 779
915 9 808
840 3 659
149 8 750
545 8 719
690 2 107
690 2 349
825 8 390
851 8 846
326 8 719
187 8 390
145 9 808
851 8 841
199 3 659
176 8 658
327 8 390
216 8 719
865 8 658
112 2 107
112 2 349
934 8 719
286 8 658
613 2 423
678 9 30
583 3 692
896 8 750
343 8 318
668 9 343
92 8 390
510 2 852
828 3 659
915 9 466
815 2 852
837 5 213
918 9 30
636 2 107
636 2 349
696 8 658
57 2 423
837 5 218
144 8 719
187 8 318
387 5 399
349 9 466
847 8 390
444 3 692
3 8 719
370 8 446
957 8 841
122 5 213
957 8 846
635 8 318
122 5 218
326 3 692
170 5 779
805 2 107
805 2 349
491 8 841
491 8 846
925 3 692
642 8 318
799 8 318
104 8 846
584 8 318
443 2 423
104 8 841
266 5 213
354 5 834
533 8 750
700 9 466
851 8 658
266 5 218
371 8 750
351 2 920
473 8 318
166 5 399
62 5 114
896 8 318
613 2 852
925 3 659
149 8 719
805 8 658
292 2 920
395 5 834
843 2 920
104 8 816
3 8 750
444 3 659
170 2 920
935 2 920
915 8 658
370 8 658
718 2 852
981 9 808
843 8 446
461 8 318
630 9 343
491 8 816
253 8 318
321 2 423
479 5 399
91 9 343
865 8 841
773 2 852
533 8 719
865 8 846
315 8 816
891 9 30
635 8 750
696 8 841
696 8 846
365 2 107
365 2 349
849 9 466
805 8 841
630 9 30
805 8 846
601 9 808
713 2 852
43 8 446
998 5 779
799 8 750
145 9 30
60 8 719
858 5 9
823 2 852
957 8 658
86 8 446
744 8 318
253 8 750
915 8 841
43 8 658
584 8 750
146 2 107
146 2 349
915 8 846
174 5 779
443 2 852
642 8 750
384 3 659
144 8 750
326 3 659
815 2 423
851 8 446
679 9 466
847 8 318
725 5 779
357 5 9
42 9 466
865 8 816
490 2 423
837 5 9
424 2 107
424 2 349
42 9 30
371 8 719
998 5 517
700 9 30
473 8 750
580 9 466
799 8 390
849 9 30
164 8 446
87 5 517
555 9 466
72 2 920
148 5 834
187 8 841
375 5 9
718 2 423
327 8 750
145 9 466
370 8 846
370 8 841
957 8 446
73 8 750
823 2 423
915 8 390
491 8 446
165 5 213
606 9 343
9 8 446
606 9 30
165 5 218
545 8 390
300 2 920
359 2 107
359 2 349
851 8 390
92 8 318
461 8 816
187 8 846
400 8 750
584 8 719
678 9 343
213 8 390
321 2 920
665 9 466
398 3 659
46 9 30
491 8 658
837 5 834
370 8 816
761 8 719
490 2 852
329 8 719
48 3 692
713 2 423
461 8 846
391 3 659
918 9 808
86 8 658
769 9 343
815 2 107
815 2 349
761 5 399
601 9 343
805 8 390
461 8 841
174 5 9
847 8 750
890 9 343
635 8 841
965 2 107
965 2 349
46 9 466
828 9 343
416 2 107
416 2 349
246 5 399
635 8 846
266 5 517
981 9 343
60 8 446
993 9 808
828 3 692
43 8 719
188 5 517
73 8 719
825 8 719
111 2 107
111 2 349
805 8 318
81 8 658
395 5 218
83 9 808
327 8 719
395 5 213
853 2 107
853 2 349
86 8 846
510 2 423
487 8 750
725 5 834
357 5 517
935 2 423
443 2 107
443 2 349
188 5 779
145 2 423
761 8 750
92 8 750
86 8 841
79 9 30
934 8 390
87 5 779
266 5 779
391 3 692
48 3 659
614 5 399
371 8 318
744 8 390
400 8 318
187 8 816
487 8 719
343 9 343
635 8 816
555 9 30
216 8 390
170 5 517
60 8 658
505 8 446
83 9 30
910 2 107
910 2 349
387 5 834
656 8 719
81 8 446
731 3 659
847 8 719
642 5 834
752 5 834
164 8 841
922 5 218
354 5 399
351 2 107
351 2 349
505 8 658
922 5 213
879 2 423
18 8 816
900 2 852
349 9 30
176 8 750
615 9 808
326 8 390
737 3 659
825 8 750
315 8 446
732 3 659
9 8 841
842 3 659
668 9 808
9 8 846
409 2 423
92 8 719
146 2 852
148 5 213
620 3 692
642 5 218
679 9 30
164 8 846
761 8 318
166 5 834
891 9 343
86 8 816
246 5 779
896 3 659
731 3 692
545 8 750
145 2 852
329 8 318
286 8 750
679 3 692
761 5 779
842 3 692
104 8 390
470 3 692
124 3 692
165 5 834
357 5 779
998 5 399
213 8 318
537 8 446
656 8 750
761 5 9
583 3 659
343 8 750
752 5 213
409 2 852
87 5 399
825 8 318
73 8 318
292 2 107
292 2 349
289 5 9
732 3 692
327 8 318
246 5 9
188 5 9
761 5 517
81 8 816
604 9 343
18 8 841
737 3 692
858 5 517
286 8 719
900 2 423
176 8 719
18 8 846
479 5 834
752 5 218
287 3 692
400 8 719
642 5 213
636 2 920
9 8 658
630 9 808
398 3 692
545 8 318
329 8 750
487 8 318
993 9 30
164 8 658
371 8 390
805 2 920
505 8 846
858 5 779
326 8 318
679 3 659
505 8 841
216 8 318
359 2 920
934 8 318
470 3 659
896 3 692
656 8 318
81 8 841
343 8 719
81 8 846
690 2 852
--------------------------------------
170 2 852
642 8 841
805 2 852
642 8 846
321 2 107
321 2 349
144 8 446
62 5 851
851 8 719
918 9 466
934 8 846
104 8 318
613 2 107
613 2 349
545 8 816
934 8 841
843 2 423
695 3 692
329 8 390
370 8 390
326 8 658
473 8 846
900 2 107
900 2 349
896 8 841
896 8 846
216 8 658
371 8 816
910 2 852
915 8 719
769 9 808
851 3 692
3 8 446
253 8 816
315 8 750
915 9 30
62 5 872
993 9 466
146 2 423
18 8 318
365 2 852
473 8 841
144 8 658
843 8 719
690 2 423
116 3 659
253 8 841
636 2 852
642 8 816
300 2 107
300 2 349
443 2 920
799 8 816
537 8 846
537 8 841
149 8 446
213 8 719
473 8 816
216 8 841
636 2 423
896 8 658
216 8 846
744 8 841
86 8 390
124 3 659
343 9 30
43 8 390
744 8 846
149 8 658
773 2 107
773 2 349
853 2 920
805 2 423
815 2 920
73 8 390
865 8 318
828 9 808
695 3 659
176 8 318
286 8 318
424 2 852
924 9 343
934 8 816
851 8 750
79 9 466
170 2 423
843 2 852
72 2 423
326 8 846
83 9 466
615 9 343
696 8 318
326 8 841
62 5 674
213 8 750
57 2 920
315 8 318
843 8 750
537 8 658
164 8 816
3 8 658
823 2 920
924 9 30
343 8 446
890 9 808
957 8 719
116 3 692
533 8 446
104 8 750
545 8 841
891 9 808
744 8 816
545 8 846
668 9 466
966 3 692
642 8 446
851 8 318
144 8 841
630 9 466
915 9 343
371 8 658
187 8 446
43 8 750
349 9 343
713 2 920
111 2 423
104 8 719
491 3 692
805 8 750
326 8 816
865 8 750
896 8 446
216 8 816
59 3 659
915 8 318
584 8 446
365 2 423
665 9 30
370 8 318
461 8 658
3 8 846
253 8 658
144 8 846
491 8 719
3 8 841
533 8 658
700 9 343
424 2 423
473 8 446
161 3 659
843 8 318
144 8 816
18 8 390
773 2 920
642 8 658
253 8 446
62 5 489
490 2 107
490 2 349
461 8 446
112 2 423
149 8 846
799 8 658
378 2 423
584 8 658
635 8 446
957 8 750
601 3 659
149 8 841
696 8 750
86 8 318
91 9 466
473 8 658
60 8 846
43 8 318
601 3 692
60 8 841
491 3 659
805 8 719
744 8 446
149 8 816
176 8 390
253 8 846
828 9 30
72 2 852
915 8 750
81 8 390
843 8 390
849 9 343
865 8 719
111 2 852
370 8 750
59 3 692
400 8 390
847 8 446
879 2 920
696 8 719
604 9 808
315 8 719
112 2 852
950 2 920
161 3 692
935 2 852
799 8 846
187 8 658
613 2 920
378 2 852
718 2 920
537 8 816
3 8 816
635 8 658
286 8 390
799 8 841
92 8 446
533 8 846
679 9 343
214 3 692
983 3 692
60 8 816
533 8 841
510 2 920
371 8 841
42 9 343
371 8 846
957 8 318
744 8 658
580 9 343
555 9 343
761 8 816
491 8 318
9 8 318
696 8 816
370 8 719
329 8 816
292 2 423
584 8 846
145 9 343
983 3 659
187 8 719
487 8 816
86 8 750
635 8 719
164 8 318
510 2 107
510 2 349
246 3 659
537 8 390
847 8 658
351 2 852
606 9 466
60 8 750
584 8 841
112 2 920
668 9 30
611 3 659
656 8 816
505 8 390
580 9 30
145 2 107
145 2 349
343 8 816
678 9 466
665 9 343
253 8 390
533 8 816
852 3 692
81 8 750
246 3 692
642 8 390
214 3 659
761 8 841
761 8 846
601 9 466
769 9 466
890 9 466
900 2 920
187 8 750
409 2 920
592 3 692
73 8 846
461 8 719
92 8 658
329 8 846
57 2 107
584 8 816
473 8 390
46 9 343
828 9 466
73 8 841
329 8 841
896 8 390
924 9 808
981 9 466
86 8 719
300 2 852
418 3 692
611 3 692
400 8 658
491 8 750
57 2 349
461 8 750
656 8 846
823 2 107
823 2 349
656 8 841
60 8 318
43 8 846
490 2 920
62 5 34
805 8 446
825 8 846
292 2 852
825 8 841
43 8 841
327 8 841
327 8 846
388 3 659
505 8 318
847 8 841
847 8 846
915 8 446
825 8 816
957 8 390
43 8 816
965 2 423
73 8 816
388 3 692
359 2 423
92 8 846
343 9 466
713 2 107
713 2 349
81 8 318
799 8 446
92 8 841
327 8 816
321 2 852
592 3 659
371 8 446
981 9 30
400 8 446
164 8 390
615 9 30
378 2 107
378 2 349
9 8 390
487 8 846
416 2 423
487 8 841
966 3 659
761 8 658
248 3 692
950 2 107
950 2 349
91 9 30
9 8 719
934 8 446
329 8 658
491 8 390
700 9 808
537 8 318
545 8 658
164 8 719
487 8 658
690 2 920
343 9 808
935 2 107
935 2 349
213 8 658
656 8 658
42 9 808
847 8 816
170 2 107
170 2 349
418 3 659
343 8 658
891 9 466
18 8 719
601 9 30
505 8 750
176 8 846
853 2 423
761 8 446
164 8 750
617 3 692
144 8 390
79 9 808
849 9 808
359 2 852
248 3 659
92 8 816
73 8 446
329 8 446
400 8 816
851 3 659
896 8 816
9 8 750
216 8 446
580 9 808
879 2 107
879 2 349
351 2 423
286 8 846
146 2 920
910 2 423
213 8 446
656 8 446
416 2 852
718 2 107
718 2 349
843 8 816
604 9 466
890 9 30
843 2 107
843 2 349
149 8 390
965 2 852
679 9 808
286 8 841
533 8 390
176 8 841
825 8 446
327 8 446
934 8 658
349 9 808
81 8 719
853 2 852
18 8 750
326 8 446
62 5 951
825 8 658
73 8 658
91 9 808
60 8 390
343 8 846
865 8 390
769 9 30
327 8 658
505 8 719
343 8 841
852 3 659
3 8 390
400 8 841
286 8 816
678 9 808
300 2 423
176 8 816
365 2 920
400 8 846
145 2 920
545 8 446
696 8 390
315 8 390
487 8 446
505 8 816
461 8 390
343 8 390
665 9 808
604 9 30
918 9 343
537 8 719
18 8 658
424 2 920
3 8 318
144 8 318
315 8 841
773 2 423
642 8 719
950 2 852
487 8 390
315 8 846
635 8 390
761 8 390
965 2 920
287 3 659
744 8 750
993 9 343
104 8 446
799 8 719
416 2 920
213 8 816
584 8 390
473 8 719
72 2 107
72 2 349
896 8 719
805 8 816
851 8 816
384 3 692
149 8 318
104 8 658
216 8 750
879 2 852
57 2 852
199 3 692
326 8 750
915 8 816
606 9 808
843 8 841
934 8 750
843 8 846
253 8 719
533 8 318
865 8 446
950 2 423
315 8 658
213 8 846
213 8 841
843 8 658
537 8 750
46 9 808
957 8 816
924 9 466
18 8 446
696 8 446
409 2 107
409 2 349
910 2 920
840 3 692
286 8 446
176 8 446
378 2 920
744 8 719
79 9 343
656 8 390
615 9 466
83 9 343
9 8 816
555 9 808
620 3 659
617 3 659
111 2 920
915 9 808
840 3 659
149 8 750
545 8 719
690 2 107
690 2 349
825 8 390
851 8 846
326 8 719
187 8 390
145 9 808
851 8 841
199 3 659
176 8 658
327 8 390
216 8 719
865 8 658
112 2 107
112 2 349
934 8 719
286 8 658
613 2 423
678 9 30
583 3 692
896 8 750
343 8 318
668 9 343
92 8 390
510 2 852
828 3 659
915 9 466
815 2 852
918 9 30
636 2 107
636 2 349
696 8 658
57 2 423
144 8 719
187 8 318
349 9 466
847 8 390
444 3 692
3 8 719
370 8 446
957 8 841
957 8 846
635 8 318
326 3 692
805 2 107
805 2 349
491 8 841
491 8 846
925 3 692
642 8 318
799 8 318
104 8 846
584 8 318
443 2 423
104 8 841
533 8 750
700 9 466
851 8 658
371 8 750
351 2 920
473 8 318
62 5 114
896 8 318
613 2 852
925 3 659
149 8 719
805 8 658
292 2 920
843 2 920
104 8 816
3 8 750
444 3 659
170 2 920
935 2 920
915 8 658
370 8 658
718 2 852
981 9 808
843 8 446
461 8 318
630 9 343
491 8 816
253 8 318
321 2 423
91 9 343
865 8 841
773 2 852
533 8 719
865 8 846
315 8 816
891 9 30
635 8 750
696 8 841
696 8 846
365 2 107
365 2 349
849 9 466
805 8 841
630 9 30
805 8 846
601 9 808
713 2 852
43 8 446
799 8 750
145 9 30
60 8 719
823 2 852
957 8 658
86 8 446
744 8 318
253 8 750
915 8 841
43 8 658
584 8 750
146 2 107
146 2 349
915 8 846
443 2 852
642 8 750
384 3 659
144 8 750
326 3 659
815 2 423
851 8 446
679 9 466
847 8 318
42 9 466
865 8 816
490 2 423
424 2 107
424 2 349
42 9 30
371 8 719
700 9 30
473 8 750
580 9 466
799 8 390
849 9 30
164 8 446
555 9 466
72 2 920
187 8 841
718 2 423
327 8 750
145 9 466
370 8 846
370 8 841
957 8 446
73 8 750
823 2 423
915 8 390
491 8 446
606 9 343
9 8 446
606 9 30
545 8 390
300 2 920
359 2 107
359 2 349
851 8 390
92 8 318
461 8 816
187 8 846
400 8 750
584 8 719
678 9 343
213 8 390
321 2 920
665 9 466
398 3 659
46 9 30
491 8 658
370 8 816
761 8 719
490 2 852
329 8 719
48 3 692
713 2 423
461 8 846
391 3 659
918 9 808
86 8 658
769 9 343
815 2 107
815 2 349
601 9 343
805 8 390
461 8 841
847 8 750
890 9 343
635 8 841
965 2 107
965 2 349
46 9 466
828 9 343
416 2 107
416 2 349
635 8 846
981 9 343
60 8 446
993 9 808
828 3 692
43 8 719
73 8 719
825 8 719
111 2 107
111 2 349
805 8 318
81 8 658
83 9 808
327 8 719
853 2 107
853 2 349
86 8 846
510 2 423
487 8 750
935 2 423
443 2 107
443 2 349
145 2 423
761 8 750
92 8 750
86 8 841
79 9 30
934 8 390
391 3 692
48 3 659
371 8 318
744 8 390
400 8 318
187 8 816
487 8 719
343 9 343
635 8 816
555 9 30
216 8 390
60 8 658
505 8 446
83 9 30
910 2 107
910 2 349
656 8 719
81 8 446
731 3 659
847 8 719
164 8 841
351 2 107
351 2 349
505 8 658
879 2 423
18 8 816
900 2 852
349 9 30
176 8 750
615 9 808
326 8 390
737 3 659
825 8 750
315 8 446
732 3 659
9 8 841
842 3 659
668 9 808
9 8 846
409 2 423
92 8 719
146 2 852
620 3 692
679 9 30
164 8 846
761 8 318
891 9 343
86 8 816
896 3 659
731 3 692
545 8 750
145 2 852
329 8 318
286 8 750
679 3 692
842 3 692
104 8 390
470 3 692
124 3 692
213 8 318
537 8 446
656 8 750
583 3 659
343 8 750
409 2 852
825 8 318
73 8 318
292 2 107
292 2 349
732 3 692
327 8 318
81 8 816
604 9 343
18 8 841
737 3 692
286 8 719
900 2 423
176 8 719
18 8 846
287 3 692
400 8 719
636 2 920
9 8 658
630 9 808
398 3 692
545 8 318
329 8 750
487 8 318
993 9 30
164 8 658
371 8 390
805 2 920
505 8 846
326 8 318
679 3 659
505 8 841
216 8 318
359 2 920
934 8 318
470 3 659
896 3 692
656 8 318
81 8 841
343 8 719
81 8 846
690 2 852
--------------------------------------
