907 6 832
480 6 575
907 6 479
907 6 795
866 6 442
480 6 732
480 6 777
480 6 337
270 6 777
270 6 337
270 6 575
161 6 442
270 6 732
480 6 442
270 6 262
907 6 442
866 6 795
866 6 832
866 6 479
270 6 749
161 6 777
161 6 337
270 6 546
161 6 732
270 6 866
161 6 575
270 6 742
866 6 749
907 6 777
907 6 337
480 6 795
907 6 732
907 6 575
866 6 742
866 6 866
480 6 479
866 6 546
480 6 832
161 6 749
161 6 546
270 6 832
161 6 866
270 6 795
161 6 742
270 6 479
161 6 262
480 6 742
907 6 866
907 6 546
907 6 742
480 6 262
480 6 749
866 6 575
907 6 262
480 6 866
866 6 777
866 6 337
480 6 546
866 6 732
161 6 832
161 6 479
866 6 262
161 6 795
907 6 749
270 6 442
--------------------------------------
907 6 832
834 9 599
294 9 390
480 6 575
294 9 93
907 6 795
834 9 759
866 6 442
834 9 518
174 9 647
289 9 451
294 9 437
480 6 732
480 6 337
294 9 1
174 9 499
294 9 948
184 9 810
270 6 777
174 9 810
184 9 499
833 9 810
161 6 442
833 9 499
480 6 442
270 6 262
907 6 442
866 6 795
184 9 759
866 6 832
184 9 518
834 9 93
184 9 403
184 9 647
161 6 337
270 6 546
289 9 437
161 6 732
833 9 647
892 5 834
833 9 403
161 6 575
478 5 127
365 5 127
206 9 437
158 9 451
866 6 749
907 6 337
480 6 795
907 6 732
294 9 451
907 6 575
834 9 451
158 9 437
866 6 742
206 9 1
866 6 866
480 6 832
206 9 390
174 9 948
833 9 518
833 9 759
834 9 1
161 6 546
270 6 832
174 9 437
184 9 599
270 6 795
833 9 599
478 5 834
206 9 948
174 9 390
174 9 93
161 6 262
158 9 93
479 5 127
174 9 1
907 6 866
907 6 742
480 6 262
158 9 948
866 6 575
866 6 337
480 6 546
866 6 732
206 9 499
161 6 832
158 9 390
161 6 795
206 9 810
907 6 749
270 6 442
907 6 479
158 9 499
158 9 810
294 9 599
480 6 777
834 9 437
289 9 403
270 6 337
892 5 127
289 9 647
270 6 575
184 9 451
270 6 732
206 9 403
174 9 451
833 9 451
206 9 647
365 5 834
289 9 1
158 9 647
158 9 403
834 9 948
294 9 647
866 6 479
294 9 403
294 9 518
270 6 749
289 9 599
206 9 599
294 9 759
161 6 777
270 6 866
289 9 759
289 9 518
206 9 759
834 9 390
206 9 518
270 6 742
479 5 834
184 9 93
833 9 1
158 9 599
907 6 777
834 9 499
289 9 390
294 9 499
158 9 759
158 9 518
834 9 810
480 6 479
866 6 546
294 9 810
184 9 948
184 9 437
161 6 749
833 9 437
161 6 866
289 9 93
174 9 599
158 9 1
289 9 948
161 6 742
270 6 479
184 9 1
184 9 390
480 6 742
206 9 93
907 6 546
833 9 390
480 6 749
174 9 518
174 9 759
907 6 262
480 6 866
834 9 403
833 9 93
866 6 777
834 9 647
289 9 499
833 9 948
289 9 810
161 6 479
206 9 451
174 9 403
866 6 262
--------------------------------------
834 9 599
294 9 390
480 6 575
294 9 93
907 6 795
282 1 459
174 9 647
289 9 451
480 6 337
217 1 870
294 9 948
184 9 810
184 9 499
301 1 669
833 9 810
255 1 459
161 6 442
833 9 499
480 6 442
270 6 262
907 6 442
866 6 832
834 9 93
161 6 337
289 9 437
892 5 834
161 6 575
255 1 227
365 5 127
158 9 451
827 1 536
866 6 749
907 6 337
480 6 795
907 6 575
834 9 451
158 9 437
866 6 742
206 9 1
373 1 227
866 6 866
206 9 390
834 9 1
161 6 546
270 6 832
174 9 437
635 1 704
255 1 233
184 9 599
833 9 599
206 9 948
174 9 93
827 1 669
282 1 669
373 1 459
480 6 546
866 6 732
206 9 499
301 1 536
161 6 795
206 9 810
282 1 536
217 1 669
480 6 777
289 9 403
270 6 337
892 5 127
301 1 227
289 9 647
255 1 254
270 6 575
184 9 451
174 9 451
365 5 834
289 9 1
158 9 647
158 9 403
834 9 948
294 9 647
866 6 479
294 9 403
373 1 233
294 9 518
206 9 599
294 9 759
635 1 536
289 9 759
289 9 518
834 9 390
184 9 93
255 1 704
301 1 233
833 9 1
907 6 777
834 9 499
373 1 704
635 1 870
158 9 759
158 9 518
834 9 810
184 9 437
289 9 93
174 9 599
282 1 870
270 6 479
184 9 1
480 6 742
206 9 93
907 6 546
833 9 390
480 6 749
217 1 536
480 6 866
373 1 254
833 9 93
833 9 948
161 6 479
206 9 451
301 1 459
866 6 262
827 1 870
907 6 832
834 9 759
217 1 227
866 6 442
834 9 518
294 9 437
480 6 732
294 9 1
174 9 499
217 1 233
270 6 777
174 9 810
301 1 704
866 6 795
184 9 759
184 9 518
184 9 403
184 9 647
635 1 459
270 6 546
161 6 732
833 9 647
833 9 403
478 5 127
206 9 437
907 6 732
294 9 451
480 6 832
174 9 948
635 1 669
833 9 518
833 9 759
255 1 870
270 6 795
478 5 834
174 9 390
161 6 262
158 9 93
479 5 127
174 9 1
907 6 866
907 6 742
480 6 262
158 9 948
866 6 575
217 1 459
282 1 704
866 6 337
827 1 704
161 6 832
158 9 390
907 6 749
301 1 254
270 6 442
907 6 479
158 9 499
158 9 810
827 1 233
635 1 254
294 9 599
217 1 704
834 9 437
255 1 536
270 6 732
206 9 403
282 1 254
833 9 451
206 9 647
373 1 870
270 6 749
289 9 599
161 6 777
270 6 866
206 9 759
206 9 518
827 1 254
270 6 742
479 5 834
301 1 870
255 1 669
158 9 599
827 1 459
373 1 669
289 9 390
294 9 499
635 1 233
480 6 479
866 6 546
294 9 810
184 9 948
217 1 254
635 1 227
161 6 749
833 9 437
161 6 866
158 9 1
289 9 948
161 6 742
184 9 390
282 1 233
827 1 227
373 1 536
282 1 227
174 9 518
174 9 759
907 6 262
834 9 403
866 6 777
834 9 647
289 9 499
289 9 810
174 9 403
--------------------------------------
872 7 447
834 9 599
294 9 390
616 7 79
480 6 575
294 9 93
616 7 447
907 6 795
282 1 459
174 9 647
289 9 451
480 6 337
217 1 870
294 9 948
184 9 810
618 7 187
184 9 499
301 1 669
833 9 810
255 1 459
680 7 187
161 6 442
833 9 499
618 7 83
616 7 217
480 6 442
270 6 262
872 7 217
907 6 442
866 6 832
583 7 381
834 9 93
680 7 997
618 7 79
161 6 337
289 9 437
892 5 834
161 6 575
559 7 885
255 1 227
616 7 83
365 5 127
618 7 997
158 9 451
827 1 536
866 6 749
907 6 337
480 6 795
907 6 575
834 9 451
158 9 437
866 6 742
206 9 1
373 1 227
866 6 866
858 7 217
206 9 390
834 9 1
161 6 546
270 6 832
174 9 437
635 1 704
255 1 233
184 9 599
680 7 885
833 9 599
206 9 948
174 9 93
583 7 801
618 7 885
827 1 669
282 1 669
373 1 459
858 7 447
480 6 546
866 6 732
206 9 499
839 8 551
301 1 536
161 6 795
206 9 810
872 7 801
282 1 536
217 1 669
616 7 885
858 7 997
480 6 777
289 9 403
270 6 337
892 5 127
301 1 227
289 9 647
255 1 254
618 7 381
270 6 575
184 9 451
174 9 451
680 7 381
365 5 834
289 9 1
158 9 647
158 9 403
858 7 187
834 9 948
294 9 647
866 6 479
294 9 403
373 1 233
294 9 518
206 9 599
294 9 759
635 1 536
289 9 759
872 7 381
289 9 518
834 9 390
184 9 93
559 7 287
255 1 704
301 1 233
833 9 1
907 6 777
834 9 499
583 7 217
373 1 704
635 1 870
616 7 187
158 9 759
158 9 518
834 9 810
184 9 437
618 7 287
289 9 93
174 9 599
559 7 997
282 1 870
270 6 479
184 9 1
680 7 287
480 6 742
206 9 93
907 6 546
583 7 447
616 7 997
858 7 885
833 9 390
480 6 749
217 1 536
480 6 866
373 1 254
833 9 93
833 9 948
161 6 479
206 9 451
301 1 459
866 6 262
827 1 870
872 7 287
559 7 187
559 7 381
907 6 832
834 9 759
616 7 287
217 1 227
866 6 442
834 9 518
294 9 437
480 6 732
294 9 1
174 9 499
217 1 233
270 6 777
174 9 810
680 7 83
301 1 704
866 6 795
184 9 759
184 9 518
184 9 403
184 9 647
635 1 459
270 6 546
559 7 801
161 6 732
833 9 647
833 9 403
478 5 127
872 7 187
680 7 79
206 9 437
907 6 732
294 9 451
583 7 79
480 6 832
174 9 948
635 1 669
833 9 518
833 9 759
680 7 801
255 1 870
270 6 795
478 5 834
174 9 390
618 7 801
161 6 262
158 9 93
479 5 127
174 9 1
583 7 885
907 6 866
872 7 997
907 6 742
480 6 262
858 7 287
158 9 948
866 6 575
583 7 83
217 1 459
282 1 704
866 6 337
827 1 704
161 6 832
158 9 390
907 6 749
872 7 885
301 1 254
270 6 442
616 7 801
583 7 997
907 6 479
158 9 499
158 9 810
827 1 233
635 1 254
294 9 599
217 1 704
839 8 59
834 9 437
559 7 217
872 7 83
255 1 536
270 6 732
206 9 403
282 1 254
839 8 247
833 9 451
206 9 647
583 7 187
373 1 870
839 8 68
270 6 749
289 9 599
161 6 777
616 7 381
270 6 866
206 9 759
206 9 518
827 1 254
270 6 742
559 7 447
479 5 834
301 1 870
255 1 669
872 7 79
158 9 599
827 1 459
559 7 83
373 1 669
289 9 390
858 7 79
294 9 499
635 1 233
480 6 479
866 6 546
294 9 810
184 9 948
217 1 254
680 7 447
635 1 227
161 6 749
833 9 437
161 6 866
158 9 1
289 9 948
161 6 742
858 7 381
184 9 390
282 1 233
618 7 447
827 1 227
583 7 287
373 1 536
282 1 227
174 9 518
174 9 759
907 6 262
834 9 403
866 6 777
834 9 647
858 7 801
289 9 499
680 7 217
289 9 810
174 9 403
618 7 217
559 7 79
858 7 83
--------------------------------------
294 9 390
616 7 79
480 6 575
616 7 447
210 5 448
729 5 218
480 6 337
184 9 499
534 5 360
161 6 442
833 9 499
616 7 217
480 6 442
680 7 997
161 6 337
196 5 496
892 5 834
161 6 575
559 7 885
616 7 83
365 5 127
618 7 997
534 5 353
827 1 536
480 6 795
729 5 353
534 5 218
890 5 515
890 5 630
206 9 390
196 5 360
161 6 546
270 6 832
184 9 599
680 7 885
833 9 599
174 9 93
633 5 218
890 5 749
583 7 801
618 7 885
827 1 669
534 5 448
729 5 360
210 5 218
480 6 546
206 9 499
196 5 353
161 6 795
633 5 448
729 5 94
872 7 801
210 5 360
616 7 885
480 6 777
184 9 451
633 5 515
210 5 353
633 5 630
289 9 1
858 7 187
834 9 948
866 6 479
206 9 599
196 5 296
534 5 272
633 5 749
534 5 154
255 1 704
373 1 704
834 9 810
184 9 437
559 7 997
184 9 1
210 5 496
480 6 742
616 7 997
833 9 390
480 6 749
480 6 866
729 5 448
196 5 272
196 5 154
161 6 479
206 9 451
866 6 262
827 1 870
534 5 496
559 7 381
907 6 832
534 5 68
616 7 287
294 9 437
480 6 732
890 5 496
174 9 499
680 7 83
345 5 515
210 5 154
841 5 630
210 5 272
729 5 749
635 1 459
478 5 127
841 5 749
872 7 187
680 7 79
206 9 437
729 5 630
907 6 732
294 9 451
729 5 515
890 5 353
480 6 832
635 1 669
255 1 870
174 9 390
161 6 262
158 9 93
479 5 127
174 9 1
583 7 885
907 6 866
210 5 296
534 5 94
907 6 742
158 9 948
890 5 360
282 1 704
827 1 704
534 5 296
907 6 749
301 1 254
345 5 94
583 7 997
158 9 810
890 5 218
635 1 254
294 9 599
217 1 704
559 7 217
255 1 536
206 9 403
839 8 247
206 9 647
373 1 870
289 9 599
616 7 381
206 9 759
206 9 518
559 7 447
255 1 669
559 7 83
373 1 669
289 9 390
858 7 79
294 9 499
635 1 233
680 7 447
635 1 227
345 5 68
729 5 68
184 9 390
618 7 447
841 5 515
345 5 630
373 1 536
890 5 448
858 7 801
289 9 499
680 7 217
618 7 217
559 7 79
345 5 749
858 7 83
872 7 447
834 9 599
294 9 93
210 5 94
907 6 795
282 1 459
345 5 360
174 9 647
289 9 451
841 5 94
217 1 870
294 9 948
184 9 810
618 7 187
301 1 669
833 9 810
255 1 459
680 7 187
841 5 218
618 7 83
270 6 262
872 7 217
345 5 496
907 6 442
841 5 353
866 6 832
583 7 381
834 9 93
618 7 79
289 9 437
255 1 227
158 9 451
866 6 749
907 6 337
907 6 575
834 9 451
158 9 437
866 6 742
206 9 1
373 1 227
866 6 866
858 7 217
834 9 1
174 9 437
635 1 704
255 1 233
206 9 948
282 1 669
373 1 459
841 5 68
345 5 154
345 5 272
858 7 447
866 6 732
839 8 551
301 1 536
206 9 810
841 5 448
282 1 536
217 1 669
890 5 296
858 7 997
289 9 403
270 6 337
892 5 127
301 1 227
289 9 647
255 1 254
618 7 381
270 6 575
174 9 451
680 7 381
196 5 749
365 5 834
841 5 154
158 9 647
158 9 403
210 5 68
841 5 272
294 9 647
294 9 403
373 1 233
294 9 518
294 9 759
635 1 536
289 9 759
872 7 381
289 9 518
834 9 390
184 9 93
559 7 287
301 1 233
345 5 448
833 9 1
907 6 777
834 9 499
583 7 217
635 1 870
616 7 187
158 9 759
890 5 272
158 9 518
841 5 360
890 5 154
618 7 287
289 9 93
174 9 599
282 1 870
270 6 479
680 7 287
345 5 218
206 9 93
907 6 546
583 7 447
858 7 885
345 5 353
841 5 496
217 1 536
373 1 254
833 9 93
833 9 948
301 1 459
890 5 68
872 7 287
559 7 187
196 5 68
534 5 515
729 5 296
834 9 759
217 1 227
866 6 442
834 9 518
294 9 1
217 1 233
270 6 777
174 9 810
633 5 154
633 5 272
534 5 749
301 1 704
866 6 795
184 9 759
184 9 518
184 9 403
184 9 647
270 6 546
559 7 801
161 6 732
833 9 647
833 9 403
534 5 630
583 7 79
174 9 948
833 9 518
833 9 759
680 7 801
270 6 795
478 5 834
618 7 801
890 5 94
841 5 296
872 7 997
633 5 296
480 6 262
858 7 287
633 5 68
866 6 575
583 7 83
217 1 459
866 6 337
161 6 832
196 5 630
158 9 390
872 7 885
196 5 515
270 6 442
616 7 801
907 6 479
158 9 499
729 5 496
827 1 233
633 5 360
839 8 59
834 9 437
633 5 94
872 7 83
270 6 732
282 1 254
833 9 451
633 5 353
345 5 296
210 5 515
583 7 187
839 8 68
210 5 630
270 6 749
161 6 777
270 6 866
210 5 749
827 1 254
270 6 742
479 5 834
196 5 218
301 1 870
872 7 79
158 9 599
827 1 459
729 5 154
729 5 272
480 6 479
866 6 546
294 9 810
184 9 948
217 1 254
161 6 749
833 9 437
161 6 866
158 9 1
289 9 948
196 5 448
161 6 742
858 7 381
282 1 233
633 5 496
827 1 227
583 7 287
196 5 94
282 1 227
174 9 518
174 9 759
907 6 262
834 9 403
866 6 777
834 9 647
289 9 810
174 9 403
--------------------------------------
294 9 390
616 7 79
480 6 575
616 7 447
210 5 448
729 5 218
480 6 337
307 3 145
184 9 499
534 5 360
161 6 442
833 9 499
616 7 217
480 6 442
680 7 997
307 3 392
161 6 337
307 3 276
196 5 496
307 3 274
892 5 834
161 6 575
559 7 885
616 7 83
365 5 127
618 7 997
534 5 353
827 1 536
480 6 795
729 5 353
534 5 218
890 5 515
307 3 358
307 3 113
890 5 630
307 3 117
206 9 390
196 5 360
161 6 546
270 6 832
307 3 122
184 9 599
680 7 885
833 9 599
174 9 93
633 5 218
890 5 749
583 7 801
618 7 885
827 1 669
534 5 448
729 5 360
210 5 218
307 3 125
480 6 546
206 9 499
307 3 496
196 5 353
161 6 795
633 5 448
729 5 94
872 7 801
210 5 360
307 3 578
307 3 699
616 7 885
480 6 777
307 3 584
307 3 585
307 3 222
184 9 451
633 5 515
210 5 353
633 5 630
289 9 1
858 7 187
834 9 948
866 6 479
307 3 350
206 9 599
196 5 296
307 3 110
534 5 272
633 5 749
534 5 154
255 1 704
373 1 704
834 9 810
184 9 437
559 7 997
184 9 1
210 5 496
480 6 742
616 7 997
833 9 390
480 6 749
480 6 866
729 5 448
196 5 272
196 5 154
161 6 479
206 9 451
866 6 262
827 1 870
534 5 496
559 7 381
907 6 832
534 5 68
616 7 287
294 9 437
480 6 732
890 5 496
174 9 499
680 7 83
345 5 515
210 5 154
841 5 630
210 5 272
729 5 749
635 1 459
478 5 127
841 5 749
872 7 187
680 7 79
206 9 437
307 3 5
729 5 630
907 6 732
294 9 451
729 5 515
890 5 353
480 6 832
635 1 669
255 1 870
174 9 390
161 6 262
158 9 93
479 5 127
174 9 1
583 7 885
907 6 866
210 5 296
534 5 94
907 6 742
158 9 948
890 5 360
282 1 704
827 1 704
534 5 296
907 6 749
301 1 254
345 5 94
583 7 997
158 9 810
890 5 218
635 1 254
294 9 599
217 1 704
559 7 217
255 1 536
206 9 403
839 8 247
206 9 647
373 1 870
289 9 599
307 3 196
616 7 381
206 9 759
206 9 518
559 7 447
255 1 669
559 7 83
373 1 669
289 9 390
858 7 79
294 9 499
635 1 233
680 7 447
635 1 227
345 5 68
729 5 68
184 9 390
618 7 447
841 5 515
345 5 630
373 1 536
890 5 448
858 7 801
289 9 499
680 7 217
307 3 176
618 7 217
559 7 79
345 5 749
858 7 83
872 7 447
834 9 599
294 9 93
210 5 94
907 6 795
282 1 459
345 5 360
174 9 647
289 9 451
841 5 94
217 1 870
294 9 948
184 9 810
618 7 187
301 1 669
833 9 810
255 1 459
680 7 187
841 5 218
618 7 83
307 3 706
270 6 262
872 7 217
345 5 496
907 6 442
841 5 353
307 3 709
866 6 832
583 7 381
834 9 93
618 7 79
289 9 437
255 1 227
158 9 451
866 6 749
907 6 337
907 6 575
834 9 451
158 9 437
866 6 742
206 9 1
373 1 227
866 6 866
858 7 217
834 9 1
174 9 437
635 1 704
255 1 233
206 9 948
282 1 669
307 3 925
373 1 459
841 5 68
345 5 154
345 5 272
858 7 447
866 6 732
839 8 551
301 1 536
206 9 810
841 5 448
282 1 536
217 1 669
890 5 296
858 7 997
289 9 403
270 6 337
892 5 127
301 1 227
289 9 647
255 1 254
618 7 381
270 6 575
174 9 451
680 7 381
196 5 749
365 5 834
841 5 154
158 9 647
158 9 403
210 5 68
841 5 272
294 9 647
294 9 403
373 1 233
294 9 518
294 9 759
635 1 536
289 9 759
872 7 381
289 9 518
834 9 390
184 9 93
559 7 287
301 1 233
345 5 448
833 9 1
907 6 777
834 9 499
583 7 217
635 1 870
616 7 187
158 9 759
890 5 272
158 9 518
841 5 360
890 5 154
618 7 287
289 9 93
174 9 599
282 1 870
270 6 479
680 7 287
345 5 218
206 9 93
907 6 546
583 7 447
858 7 885
345 5 353
841 5 496
217 1 536
373 1 254
833 9 93
833 9 948
301 1 459
890 5 68
872 7 287
559 7 187
196 5 68
534 5 515
729 5 296
834 9 759
217 1 227
866 6 442
834 9 518
294 9 1
217 1 233
270 6 777
307 3 661
174 9 810
633 5 154
633 5 272
534 5 749
301 1 704
866 6 795
184 9 759
184 9 518
184 9 403
184 9 647
270 6 546
559 7 801
161 6 732
833 9 647
833 9 403
534 5 630
307 3 519
307 3 517
583 7 79
307 3 996
307 3 873
307 3 997
174 9 948
833 9 518
833 9 759
680 7 801
307 3 881
270 6 795
478 5 834
618 7 801
890 5 94
841 5 296
872 7 997
633 5 296
480 6 262
858 7 287
633 5 68
307 3 644
307 3 523
307 3 402
866 6 575
583 7 83
217 1 459
866 6 337
161 6 832
196 5 630
158 9 390
872 7 885
196 5 515
270 6 442
616 7 801
907 6 479
158 9 499
729 5 496
307 3 738
307 3 617
827 1 233
633 5 360
839 8 59
307 3 733
834 9 437
633 5 94
872 7 83
270 6 732
282 1 254
833 9 451
633 5 353
345 5 296
210 5 515
583 7 187
839 8 68
307 3 747
210 5 630
270 6 749
161 6 777
270 6 866
210 5 749
827 1 254
270 6 742
479 5 834
196 5 218
301 1 870
872 7 79
158 9 599
827 1 459
729 5 154
729 5 272
480 6 479
866 6 546
294 9 810
184 9 948
217 1 254
161 6 749
833 9 437
161 6 866
158 9 1
289 9 948
196 5 448
161 6 742
858 7 381
282 1 233
633 5 496
827 1 227
583 7 287
196 5 94
282 1 227
174 9 518
174 9 759
307 3 721
907 6 262
834 9 403
866 6 777
834 9 647
289 9 810
174 9 403
--------------------------------------
294 9 390
616 7 79
480 6 575
616 7 447
210 5 448
729 5 218
480 6 337
307 3 145
184 9 499
534 5 360
161 6 442
833 9 499
616 7 217
480 6 442
680 7 997
307 3 392
161 6 337
307 3 276
196 5 496
307 3 274
892 5 834
161 6 575
559 7 885
616 7 83
365 5 127
618 7 997
534 5 353
827 1 536
480 6 795
729 5 353
534 5 218
890 5 515
307 3 358
307 3 113
890 5 630
307 3 117
206 9 390
196 5 360
161 6 546
270 6 832
307 3 122
184 9 599
680 7 885
833 9 599
174 9 93
633 5 218
890 5 749
583 7 801
618 7 885
827 1 669
534 5 448
729 5 360
210 5 218
307 3 125
480 6 546
206 9 499
307 3 496
196 5 353
161 6 795
633 5 448
729 5 94
872 7 801
210 5 360
307 3 578
307 3 699
616 7 885
480 6 777
538 2 269
941 2 905
538 2 275
307 3 584
307 3 585
307 3 222
184 9 451
633 5 515
220 2 275
210 5 353
633 5 630
289 9 1
858 7 187
834 9 948
866 6 479
307 3 350
206 9 599
196 5 296
307 3 110
534 5 272
633 5 749
220 2 269
534 5 154
255 1 704
373 1 704
834 9 810
184 9 437
538 2 46
559 7 997
184 9 1
210 5 496
480 6 742
616 7 997
833 9 390
480 6 749
480 6 866
729 5 448
196 5 272
196 5 154
161 6 479
206 9 451
866 6 262
827 1 870
220 2 123
534 5 496
559 7 381
907 6 832
534 5 68
616 7 287
941 2 830
294 9 437
480 6 732
890 5 496
174 9 499
941 2 707
941 2 827
220 2 239
941 2 701
680 7 83
345 5 515
210 5 154
841 5 630
210 5 272
729 5 749
538 2 239
538 2 123
635 1 459
478 5 127
841 5 749
872 7 187
680 7 79
206 9 437
307 3 5
729 5 630
907 6 732
294 9 451
729 5 515
890 5 353
480 6 832
635 1 669
941 2 802
220 2 339
220 2 218
220 2 578
255 1 870
941 2 801
220 2 456
174 9 390
161 6 262
158 9 93
479 5 127
174 9 1
583 7 885
907 6 866
210 5 296
534 5 94
907 6 742
158 9 948
220 2 3
890 5 360
538 2 339
538 2 218
282 1 704
538 2 578
827 1 704
538 2 456
534 5 296
907 6 749
301 1 254
345 5 94
583 7 997
158 9 810
890 5 218
635 1 254
294 9 599
538 2 667
538 2 546
217 1 704
538 2 301
559 7 217
255 1 536
206 9 403
839 8 247
206 9 647
373 1 870
289 9 599
307 3 196
616 7 381
941 2 855
220 2 667
220 2 546
206 9 759
220 2 301
206 9 518
559 7 447
220 2 783
255 1 669
559 7 83
373 1 669
289 9 390
858 7 79
294 9 499
635 1 233
538 2 888
941 2 608
680 7 447
635 1 227
345 5 68
941 2 723
220 2 414
729 5 68
184 9 390
618 7 447
841 5 515
345 5 630
373 1 536
890 5 448
941 2 722
538 2 414
858 7 801
289 9 499
680 7 217
538 2 783
220 2 888
307 3 176
618 7 217
559 7 79
345 5 749
858 7 83
872 7 447
834 9 599
294 9 93
210 5 94
907 6 795
282 1 459
345 5 360
174 9 647
289 9 451
841 5 94
217 1 870
294 9 948
184 9 810
618 7 187
220 2 877
301 1 669
833 9 810
255 1 459
680 7 187
841 5 218
618 7 83
307 3 706
270 6 262
872 7 217
345 5 496
907 6 442
841 5 353
307 3 709
941 2 667
941 2 546
538 2 3
538 2 877
941 2 301
941 2 783
866 6 832
583 7 381
834 9 93
618 7 79
289 9 437
255 1 227
158 9 451
866 6 749
907 6 337
538 2 608
907 6 575
834 9 451
158 9 437
866 6 742
941 2 414
206 9 1
373 1 227
538 2 723
866 6 866
538 2 722
858 7 217
220 2 608
834 9 1
174 9 437
220 2 855
635 1 704
255 1 233
941 2 888
206 9 948
282 1 669
307 3 925
373 1 459
841 5 68
345 5 154
345 5 272
538 2 855
858 7 447
866 6 732
839 8 551
220 2 723
301 1 536
941 2 877
220 2 722
206 9 810
841 5 448
538 2 707
282 1 536
538 2 827
217 1 669
890 5 296
538 2 701
858 7 997
220 2 707
289 9 403
270 6 337
892 5 127
301 1 227
289 9 647
255 1 254
618 7 381
270 6 575
220 2 830
174 9 451
680 7 381
196 5 749
365 5 834
841 5 154
158 9 647
158 9 403
210 5 68
841 5 272
294 9 647
294 9 403
373 1 233
538 2 830
294 9 518
220 2 827
294 9 759
635 1 536
220 2 701
289 9 759
872 7 381
941 2 339
941 2 218
289 9 518
834 9 390
184 9 93
559 7 287
301 1 233
345 5 448
833 9 1
907 6 777
834 9 499
583 7 217
635 1 870
616 7 187
538 2 802
941 2 578
158 9 759
890 5 272
158 9 518
841 5 360
538 2 801
941 2 456
890 5 154
618 7 287
289 9 93
174 9 599
282 1 870
270 6 479
680 7 287
345 5 218
206 9 93
907 6 546
583 7 447
858 7 885
345 5 353
841 5 496
217 1 536
373 1 254
833 9 93
833 9 948
220 2 802
301 1 459
220 2 801
890 5 68
872 7 287
559 7 187
196 5 68
534 5 515
538 2 905
729 5 296
834 9 759
217 1 227
866 6 442
834 9 518
220 2 905
941 2 275
294 9 1
217 1 233
270 6 777
307 3 661
174 9 810
633 5 154
633 5 272
534 5 749
301 1 704
866 6 795
941 2 269
184 9 759
184 9 518
184 9 403
184 9 647
270 6 546
559 7 801
161 6 732
833 9 647
833 9 403
534 5 630
307 3 519
307 3 517
583 7 79
307 3 996
307 3 873
307 3 997
174 9 948
833 9 518
833 9 759
680 7 801
307 3 881
270 6 795
478 5 834
618 7 801
890 5 94
841 5 296
872 7 997
633 5 296
480 6 262
858 7 287
633 5 68
307 3 644
307 3 523
307 3 402
866 6 575
583 7 83
217 1 459
941 2 123
866 6 337
161 6 832
196 5 630
158 9 390
941 2 239
872 7 885
196 5 515
270 6 442
616 7 801
907 6 479
158 9 499
729 5 496
307 3 738
307 3 617
827 1 233
633 5 360
839 8 59
307 3 733
834 9 437
633 5 94
872 7 83
270 6 732
282 1 254
833 9 451
633 5 353
345 5 296
210 5 515
583 7 187
839 8 68
307 3 747
210 5 630
270 6 749
161 6 777
270 6 866
210 5 749
827 1 254
270 6 742
479 5 834
196 5 218
301 1 870
872 7 79
158 9 599
827 1 459
729 5 154
941 2 46
729 5 272
480 6 479
866 6 546
294 9 810
184 9 948
217 1 254
161 6 749
220 2 46
833 9 437
161 6 866
158 9 1
289 9 948
196 5 448
161 6 742
858 7 381
941 2 3
282 1 233
633 5 496
827 1 227
583 7 287
196 5 94
282 1 227
174 9 518
174 9 759
307 3 721
907 6 262
834 9 403
866 6 777
834 9 647
289 9 810
174 9 403
--------------------------------------
616 7 79
480 6 575
616 7 447
528 6 364
528 6 483
210 5 448
729 5 218
480 6 337
307 3 145
534 5 360
161 6 442
616 7 217
480 6 442
681 6 583
680 7 997
681 6 340
681 6 464
307 3 392
161 6 337
307 3 276
196 5 496
307 3 274
681 6 581
161 6 575
559 7 885
616 7 83
618 7 997
534 5 353
681 6 103
827 1 536
480 6 795
729 5 353
534 5 218
528 6 387
890 5 515
307 3 358
307 3 113
890 5 630
307 3 117
196 5 360
681 6 332
161 6 546
270 6 832
307 3 122
680 7 885
681 6 579
633 5 218
890 5 749
583 7 801
618 7 885
827 1 669
534 5 448
528 6 378
528 6 131
729 5 360
210 5 218
307 3 125
480 6 546
681 6 561
307 3 496
196 5 353
161 6 795
681 6 569
681 6 686
633 5 448
729 5 94
872 7 801
210 5 360
307 3 578
307 3 699
616 7 885
480 6 777
538 2 269
941 2 905
538 2 275
307 3 584
307 3 585
307 3 222
633 5 515
220 2 275
210 5 353
633 5 630
858 7 187
866 6 479
307 3 350
681 6 387
196 5 296
307 3 110
534 5 272
633 5 749
220 2 269
534 5 154
255 1 704
373 1 704
528 6 187
681 6 131
538 2 46
559 7 997
681 6 378
210 5 496
480 6 742
616 7 997
480 6 749
480 6 866
729 5 448
196 5 272
681 6 483
196 5 154
681 6 364
161 6 479
866 6 262
827 1 870
220 2 123
534 5 496
559 7 381
907 6 832
534 5 68
616 7 287
941 2 830
480 6 732
890 5 496
941 2 707
598 6 378
941 2 827
220 2 239
941 2 701
680 7 83
598 6 131
681 6 756
681 6 879
345 5 515
210 5 154
841 5 630
210 5 272
729 5 749
538 2 239
538 2 123
598 6 387
635 1 459
841 5 749
596 6 34
872 7 187
681 6 504
680 7 79
307 3 5
729 5 630
907 6 732
729 5 515
890 5 353
480 6 832
635 1 669
958 6 504
941 2 802
220 2 339
220 2 218
220 2 578
958 6 22
255 1 870
941 2 801
220 2 456
681 6 978
596 6 22
161 6 262
583 7 885
907 6 866
210 5 296
534 5 94
907 6 742
220 2 3
890 5 360
538 2 339
538 2 218
282 1 704
538 2 578
827 1 704
538 2 456
958 6 756
598 6 364
598 6 483
958 6 879
534 5 296
907 6 749
301 1 254
345 5 94
583 7 997
681 6 308
890 5 218
635 1 254
538 2 667
538 2 546
217 1 704
538 2 301
559 7 217
255 1 536
839 8 247
373 1 870
307 3 196
616 7 381
598 6 187
941 2 855
220 2 667
220 2 546
958 6 978
958 6 34
220 2 301
559 7 447
220 2 783
255 1 669
559 7 83
373 1 669
858 7 79
635 1 233
538 2 888
941 2 608
680 7 447
635 1 227
345 5 68
941 2 723
220 2 414
729 5 68
618 7 447
841 5 515
345 5 630
373 1 536
890 5 448
941 2 722
538 2 414
858 7 801
680 7 217
538 2 783
220 2 888
307 3 176
958 6 835
596 6 187
618 7 217
559 7 79
345 5 749
858 7 83
872 7 447
210 5 94
907 6 795
282 1 459
345 5 360
841 5 94
217 1 870
618 7 187
220 2 877
301 1 669
255 1 459
680 7 187
841 5 218
958 6 364
958 6 483
618 7 83
958 6 81
307 3 706
270 6 262
872 7 217
345 5 496
907 6 442
841 5 353
307 3 709
941 2 667
941 2 546
538 2 3
538 2 877
941 2 301
941 2 783
866 6 832
528 6 22
583 7 381
618 7 79
596 6 483
596 6 364
255 1 227
958 6 131
958 6 378
866 6 749
907 6 337
538 2 608
907 6 575
866 6 742
941 2 414
373 1 227
538 2 723
866 6 866
538 2 722
598 6 504
858 7 217
220 2 608
528 6 34
220 2 855
635 1 704
255 1 233
941 2 888
596 6 131
958 6 583
958 6 340
958 6 581
596 6 378
958 6 103
958 6 464
282 1 669
307 3 925
373 1 459
841 5 68
345 5 154
345 5 272
538 2 855
598 6 879
598 6 756
858 7 447
866 6 732
839 8 551
220 2 723
301 1 536
941 2 877
220 2 722
596 6 387
841 5 448
596 6 308
538 2 707
282 1 536
538 2 827
217 1 669
890 5 296
538 2 701
858 7 997
598 6 569
220 2 707
958 6 569
596 6 81
598 6 332
270 6 337
301 1 227
255 1 254
618 7 381
270 6 575
220 2 830
958 6 561
681 6 835
680 7 381
196 5 749
958 6 686
841 5 154
210 5 68
841 5 272
528 6 835
373 1 233
538 2 830
598 6 579
598 6 103
220 2 827
598 6 464
958 6 579
635 1 536
220 2 701
598 6 583
598 6 581
872 7 381
941 2 339
941 2 218
598 6 340
596 6 561
598 6 22
559 7 287
596 6 686
301 1 233
345 5 448
958 6 332
596 6 569
907 6 777
583 7 217
635 1 870
616 7 187
538 2 802
941 2 578
890 5 272
841 5 360
538 2 801
941 2 456
598 6 308
528 6 504
890 5 154
618 7 287
958 6 308
282 1 870
270 6 479
680 7 287
596 6 332
345 5 218
596 6 579
907 6 546
583 7 447
858 7 885
345 5 353
841 5 496
528 6 81
217 1 536
373 1 254
528 6 978
598 6 686
220 2 802
598 6 561
301 1 459
220 2 801
596 6 340
890 5 68
596 6 581
596 6 583
872 7 287
596 6 464
559 7 187
596 6 103
596 6 504
196 5 68
534 5 515
538 2 905
729 5 296
681 6 34
217 1 227
866 6 442
220 2 905
941 2 275
217 1 233
270 6 777
307 3 661
596 6 756
596 6 879
633 5 154
633 5 272
534 5 749
301 1 704
866 6 795
941 2 269
528 6 879
528 6 756
681 6 187
270 6 546
559 7 801
161 6 732
534 5 630
307 3 519
307 3 517
583 7 79
307 3 996
528 6 308
307 3 873
307 3 997
680 7 801
307 3 881
270 6 795
958 6 187
618 7 801
598 6 34
890 5 94
841 5 296
872 7 997
633 5 296
480 6 262
858 7 287
633 5 68
307 3 644
307 3 523
307 3 402
866 6 575
583 7 83
217 1 459
941 2 123
866 6 337
681 6 22
161 6 832
196 5 630
941 2 239
872 7 885
196 5 515
270 6 442
616 7 801
907 6 479
729 5 496
307 3 738
307 3 617
528 6 686
827 1 233
633 5 360
528 6 561
839 8 59
307 3 733
633 5 94
528 6 569
872 7 83
270 6 732
282 1 254
681 6 81
633 5 353
596 6 835
345 5 296
210 5 515
598 6 978
583 7 187
839 8 68
307 3 747
210 5 630
270 6 749
161 6 777
270 6 866
210 5 749
827 1 254
270 6 742
196 5 218
301 1 870
872 7 79
827 1 459
528 6 103
729 5 154
941 2 46
528 6 464
528 6 340
729 5 272
528 6 583
480 6 479
866 6 546
217 1 254
161 6 749
220 2 46
161 6 866
196 5 448
161 6 742
858 7 381
941 2 3
282 1 233
958 6 387
633 5 496
827 1 227
596 6 978
598 6 81
583 7 287
528 6 332
196 5 94
282 1 227
307 3 721
598 6 835
907 6 262
866 6 777
528 6 579
528 6 581
--------------------------------------
480 6 575
528 6 364
528 6 483
210 5 448
47 5 193
729 5 218
480 6 337
307 3 145
534 5 360
161 6 442
480 6 442
681 6 583
681 6 340
942 5 193
681 6 464
307 3 392
161 6 337
307 3 276
196 5 496
307 3 274
681 6 581
161 6 575
534 5 353
681 6 103
480 6 795
729 5 353
534 5 218
528 6 387
890 5 515
307 3 358
307 3 113
890 5 630
307 3 117
196 5 360
681 6 332
161 6 546
270 6 832
307 3 122
681 6 579
633 5 218
890 5 749
534 5 448
528 6 378
528 6 131
729 5 360
210 5 218
307 3 125
480 6 546
681 6 561
307 3 496
196 5 353
161 6 795
681 6 569
681 6 686
633 5 448
729 5 94
210 5 360
307 3 578
307 3 699
480 6 777
538 2 269
941 2 905
538 2 275
307 3 584
307 3 585
307 3 222
633 5 515
220 2 275
210 5 353
633 5 630
627 5 681
866 6 479
307 3 350
681 6 387
196 5 296
307 3 110
534 5 272
633 5 749
220 2 269
534 5 154
528 6 187
681 6 131
538 2 46
681 6 378
589 5 681
210 5 496
480 6 742
480 6 749
480 6 866
729 5 448
196 5 272
681 6 483
196 5 154
681 6 364
161 6 479
866 6 262
220 2 123
534 5 496
907 6 832
534 5 68
819 5 193
941 2 830
115 5 681
480 6 732
890 5 496
941 2 707
598 6 378
941 2 827
220 2 239
941 2 701
598 6 131
681 6 756
681 6 879
345 5 515
210 5 154
841 5 630
210 5 272
729 5 749
538 2 239
538 2 123
598 6 387
208 5 193
841 5 749
596 6 34
681 6 504
307 3 5
729 5 630
907 6 732
729 5 515
890 5 353
480 6 832
958 6 504
941 2 802
220 2 339
220 2 218
220 2 578
958 6 22
941 2 801
220 2 456
681 6 978
596 6 22
161 6 262
907 6 866
210 5 296
534 5 94
907 6 742
220 2 3
890 5 360
538 2 339
538 2 218
538 2 578
538 2 456
958 6 756
598 6 364
598 6 483
958 6 879
534 5 296
907 6 749
345 5 94
681 6 308
890 5 218
538 2 667
538 2 546
538 2 301
839 8 247
307 3 196
589 5 193
598 6 187
941 2 855
220 2 667
220 2 546
958 6 978
958 6 34
220 2 301
220 2 783
538 2 888
941 2 608
345 5 68
941 2 723
220 2 414
729 5 68
942 5 681
841 5 515
345 5 630
890 5 448
941 2 722
538 2 414
538 2 783
220 2 888
307 3 176
958 6 835
596 6 187
345 5 749
210 5 94
907 6 795
345 5 360
841 5 94
220 2 877
841 5 218
958 6 364
958 6 483
958 6 81
307 3 706
270 6 262
345 5 496
907 6 442
841 5 353
307 3 709
941 2 667
941 2 546
538 2 3
538 2 877
941 2 301
941 2 783
866 6 832
528 6 22
596 6 483
596 6 364
958 6 131
958 6 378
866 6 749
907 6 337
538 2 608
907 6 575
866 6 742
941 2 414
538 2 723
866 6 866
538 2 722
598 6 504
627 5 193
220 2 608
528 6 34
220 2 855
941 2 888
596 6 131
958 6 583
958 6 340
958 6 581
596 6 378
958 6 103
958 6 464
307 3 925
841 5 68
345 5 154
345 5 272
538 2 855
598 6 879
598 6 756
819 5 681
866 6 732
839 8 551
220 2 723
941 2 877
220 2 722
596 6 387
841 5 448
596 6 308
538 2 707
538 2 827
890 5 296
538 2 701
598 6 569
220 2 707
958 6 569
596 6 81
598 6 332
270 6 337
270 6 575
220 2 830
958 6 561
681 6 835
196 5 749
958 6 686
841 5 154
115 5 193
210 5 68
841 5 272
528 6 835
538 2 830
598 6 579
598 6 103
220 2 827
598 6 464
958 6 579
220 2 701
598 6 583
598 6 581
941 2 339
941 2 218
598 6 340
596 6 561
598 6 22
596 6 686
345 5 448
958 6 332
596 6 569
907 6 777
538 2 802
941 2 578
890 5 272
841 5 360
538 2 801
941 2 456
598 6 308
528 6 504
890 5 154
958 6 308
208 5 681
270 6 479
596 6 332
345 5 218
596 6 579
907 6 546
345 5 353
841 5 496
528 6 81
528 6 978
598 6 686
220 2 802
598 6 561
220 2 801
596 6 340
890 5 68
596 6 581
596 6 583
596 6 464
596 6 103
596 6 504
196 5 68
534 5 515
538 2 905
729 5 296
681 6 34
866 6 442
220 2 905
941 2 275
270 6 777
307 3 661
596 6 756
596 6 879
633 5 154
633 5 272
534 5 749
866 6 795
941 2 269
528 6 879
528 6 756
681 6 187
270 6 546
161 6 732
534 5 630
307 3 519
307 3 517
307 3 996
528 6 308
307 3 873
307 3 997
307 3 881
270 6 795
958 6 187
598 6 34
890 5 94
841 5 296
633 5 296
480 6 262
633 5 68
307 3 644
307 3 523
307 3 402
866 6 575
941 2 123
866 6 337
681 6 22
161 6 832
196 5 630
941 2 239
196 5 515
270 6 442
907 6 479
729 5 496
307 3 738
307 3 617
528 6 686
633 5 360
528 6 561
839 8 59
307 3 733
633 5 94
528 6 569
270 6 732
681 6 81
633 5 353
596 6 835
345 5 296
210 5 515
598 6 978
839 8 68
307 3 747
210 5 630
47 5 681
270 6 749
161 6 777
270 6 866
210 5 749
270 6 742
196 5 218
528 6 103
729 5 154
941 2 46
528 6 464
528 6 340
729 5 272
528 6 583
480 6 479
866 6 546
161 6 749
220 2 46
161 6 866
196 5 448
161 6 742
941 2 3
958 6 387
633 5 496
596 6 978
598 6 81
528 6 332
196 5 94
307 3 721
598 6 835
907 6 262
866 6 777
528 6 579
528 6 581
--------------------------------------
528 6 364
528 6 483
210 5 448
47 5 193
729 5 218
307 3 145
534 5 360
681 6 583
681 6 340
942 5 193
681 6 464
307 3 392
307 3 276
196 5 496
307 3 274
681 6 581
534 5 353
681 6 103
487 6 796
729 5 353
487 6 998
487 6 756
534 5 218
528 6 387
890 5 515
487 6 518
307 3 358
307 3 113
890 5 630
307 3 117
196 5 360
681 6 332
307 3 122
681 6 579
633 5 218
890 5 749
534 5 448
528 6 378
528 6 131
729 5 360
210 5 218
307 3 125
681 6 561
307 3 496
196 5 353
681 6 569
681 6 686
633 5 448
487 6 652
729 5 94
210 5 360
307 3 578
307 3 699
538 2 269
941 2 905
538 2 275
307 3 584
307 3 585
307 3 222
633 5 515
220 2 275
210 5 353
633 5 630
627 5 681
820 1 141
307 3 350
681 6 387
196 5 296
487 6 592
307 3 110
534 5 272
633 5 749
220 2 269
534 5 154
487 6 315
528 6 187
681 6 131
538 2 46
681 6 378
589 5 681
210 5 496
729 5 448
196 5 272
681 6 483
196 5 154
681 6 364
487 6 694
487 6 695
220 2 123
534 5 496
534 5 68
819 5 193
941 2 830
115 5 681
890 5 496
941 2 707
598 6 378
941 2 827
220 2 239
941 2 701
598 6 131
681 6 756
681 6 879
345 5 515
210 5 154
841 5 630
210 5 272
729 5 749
538 2 239
538 2 123
598 6 387
208 5 193
841 5 749
596 6 34
681 6 504
307 3 5
729 5 630
729 5 515
890 5 353
958 6 504
941 2 802
220 2 339
220 2 218
220 2 578
958 6 22
941 2 801
220 2 456
681 6 978
596 6 22
210 5 296
534 5 94
220 2 3
890 5 360
538 2 339
538 2 218
538 2 578
538 2 456
958 6 756
598 6 364
598 6 483
958 6 879
534 5 296
345 5 94
681 6 308
890 5 218
538 2 667
538 2 546
538 2 301
487 6 182
839 8 247
307 3 196
589 5 193
598 6 187
941 2 855
220 2 667
220 2 546
958 6 978
958 6 34
220 2 301
220 2 783
538 2 888
941 2 608
345 5 68
941 2 723
220 2 414
729 5 68
942 5 681
841 5 515
345 5 630
890 5 448
941 2 722
538 2 414
538 2 783
220 2 888
307 3 176
958 6 835
596 6 187
345 5 749
210 5 94
345 5 360
841 5 94
220 2 877
841 5 218
958 6 364
958 6 483
958 6 81
307 3 706
345 5 496
841 5 353
307 3 709
941 2 667
941 2 546
538 2 3
538 2 877
941 2 301
941 2 783
528 6 22
596 6 483
596 6 364
958 6 131
958 6 378
538 2 608
941 2 414
538 2 723
538 2 722
598 6 504
627 5 193
220 2 608
528 6 34
220 2 855
941 2 888
596 6 131
958 6 583
958 6 340
958 6 581
596 6 378
958 6 103
958 6 464
307 3 925
841 5 68
345 5 154
345 5 272
538 2 855
598 6 879
598 6 756
819 5 681
839 8 551
220 2 723
941 2 877
220 2 722
596 6 387
841 5 448
596 6 308
538 2 707
538 2 827
890 5 296
538 2 701
598 6 569
220 2 707
958 6 569
596 6 81
598 6 332
220 2 830
958 6 561
681 6 835
196 5 749
958 6 686
841 5 154
115 5 193
210 5 68
841 5 272
528 6 835
538 2 830
598 6 579
598 6 103
220 2 827
598 6 464
958 6 579
220 2 701
598 6 583
598 6 581
941 2 339
941 2 218
598 6 340
596 6 561
598 6 22
596 6 686
345 5 448
958 6 332
596 6 569
538 2 802
941 2 578
890 5 272
841 5 360
538 2 801
941 2 456
598 6 308
528 6 504
890 5 154
958 6 308
208 5 681
596 6 332
345 5 218
596 6 579
345 5 353
841 5 496
528 6 81
528 6 978
598 6 686
220 2 802
598 6 561
220 2 801
596 6 340
890 5 68
596 6 581
596 6 583
596 6 464
596 6 103
596 6 504
196 5 68
534 5 515
538 2 905
729 5 296
681 6 34
220 2 905
941 2 275
307 3 661
596 6 756
596 6 879
633 5 154
633 5 272
534 5 749
941 2 269
528 6 879
528 6 756
681 6 187
534 5 630
307 3 519
307 3 517
487 6 914
307 3 996
528 6 308
307 3 873
307 3 997
307 3 881
958 6 187
598 6 34
890 5 94
841 5 296
633 5 296
633 5 68
307 3 644
307 3 523
307 3 402
941 2 123
681 6 22
196 5 630
941 2 239
196 5 515
487 6 735
729 5 496
307 3 738
307 3 617
528 6 686
633 5 360
528 6 561
487 6 33
839 8 59
307 3 733
633 5 94
528 6 569
681 6 81
633 5 353
596 6 835
487 6 41
345 5 296
210 5 515
598 6 978
839 8 68
307 3 747
210 5 630
47 5 681
210 5 749
196 5 218
487 6 832
528 6 103
729 5 154
941 2 46
528 6 464
528 6 340
729 5 272
528 6 583
220 2 46
196 5 448
941 2 3
958 6 387
633 5 496
596 6 978
598 6 81
528 6 332
196 5 94
307 3 721
598 6 835
528 6 579
528 6 581
--------------------------------------
