739 0 235
780 0 251
780 0 250
128 0 574
777 0 293
772 0 273
896 0 937
399 0 192
739 0 468
896 0 933
619 0 188
533 0 791
533 0 314
313 0 748
739 0 98
411 0 192
313 0 754
419 0 933
621 0 976
959 0 273
419 0 937
619 0 192
621 0 937
772 0 251
777 0 273
772 0 250
327 0 395
411 0 188
780 0 235
399 0 188
533 0 574
533 0 339
313 0 976
959 0 250
959 0 251
780 0 468
739 0 251
739 0 250
108 0 98
128 0 339
809 0 574
780 0 293
369 0 791
809 0 339
777 0 250
777 0 251
369 0 314
558 0 937
558 0 933
280 0 833
621 0 933
739 0 273
777 0 235
128 0 314
780 0 273
910 0 192
809 0 791
809 0 314
128 0 791
313 0 937
369 0 574
369 0 339
280 0 849
108 0 192
327 0 192
772 0 293
280 0 98
910 0 98
108 0 188
327 0 98
959 0 293
313 0 933
739 0 293
327 0 188
923 0 849
526 0 833
959 0 674
369 0 754
280 0 188
369 0 748
984 0 937
625 0 251
625 0 250
625 0 98
775 0 395
108 0 849
772 0 98
739 0 861
558 0 293
526 0 849
739 0 624
923 0 833
910 0 188
959 0 425
959 0 423
369 0 98
619 0 574
619 0 339
108 0 833
280 0 192
399 0 574
809 0 754
959 0 418
910 0 395
419 0 791
739 0 418
399 0 339
128 0 192
959 0 98
526 0 861
625 0 235
739 0 885
558 0 273
526 0 624
739 0 403
128 0 188
959 0 403
984 0 976
533 0 976
959 0 885
419 0 314
959 0 651
411 0 574
313 0 339
775 0 188
625 0 468
411 0 339
739 0 651
313 0 574
739 0 674
775 0 192
399 0 395
923 0 403
809 0 976
959 0 235
625 0 293
923 0 651
526 0 885
739 0 423
526 0 403
739 0 425
533 0 754
896 0 293
809 0 748
959 0 468
369 0 937
533 0 748
411 0 395
313 0 314
419 0 976
923 0 885
313 0 791
526 0 651
526 0 418
923 0 624
619 0 395
128 0 395
369 0 976
625 0 273
419 0 748
526 0 423
526 0 425
896 0 273
984 0 933
419 0 754
526 0 674
923 0 861
772 0 833
108 0 574
558 0 468
399 0 754
619 0 849
780 0 937
775 0 674
780 0 933
411 0 885
411 0 403
777 0 849
777 0 861
772 0 849
777 0 624
984 0 791
984 0 314
910 0 468
526 0 574
399 0 98
108 0 314
777 0 833
923 0 425
108 0 791
526 0 339
739 0 933
625 0 748
959 0 937
419 0 395
910 0 674
739 0 937
959 0 933
399 0 976
369 0 933
411 0 861
923 0 674
619 0 861
411 0 624
625 0 754
619 0 624
411 0 849
923 0 418
625 0 976
327 0 933
984 0 574
327 0 937
399 0 748
558 0 674
984 0 339
775 0 468
313 0 98
896 0 98
313 0 293
923 0 423
621 0 395
399 0 791
910 0 651
419 0 574
399 0 314
959 0 754
923 0 250
775 0 235
780 0 976
619 0 885
625 0 574
923 0 251
619 0 403
558 0 250
772 0 403
558 0 251
896 0 339
959 0 748
984 0 754
896 0 574
772 0 885
910 0 423
910 0 425
280 0 395
984 0 748
619 0 418
910 0 418
411 0 674
419 0 339
621 0 98
619 0 651
313 0 273
327 0 748
108 0 754
923 0 468
739 0 976
959 0 976
910 0 624
533 0 937
619 0 423
411 0 423
108 0 748
923 0 235
411 0 425
625 0 791
327 0 754
625 0 314
775 0 251
619 0 425
775 0 250
772 0 624
896 0 314
327 0 976
558 0 235
910 0 885
533 0 933
896 0 791
772 0 861
910 0 403
411 0 651
619 0 674
313 0 250
313 0 251
108 0 976
526 0 395
411 0 418
128 0 976
526 0 98
280 0 748
558 0 861
772 0 674
775 0 833
923 0 293
910 0 849
327 0 574
411 0 98
533 0 273
984 0 395
777 0 468
280 0 754
910 0 861
558 0 849
621 0 339
621 0 574
777 0 674
128 0 754
108 0 395
772 0 418
772 0 651
775 0 849
984 0 98
327 0 791
558 0 833
780 0 754
327 0 314
923 0 273
128 0 748
526 0 188
896 0 754
533 0 293
772 0 425
772 0 423
775 0 624
910 0 833
621 0 314
775 0 861
780 0 748
526 0 192
896 0 748
621 0 791
777 0 651
369 0 273
558 0 423
558 0 425
772 0 235
558 0 418
780 0 339
780 0 574
809 0 188
777 0 425
777 0 423
896 0 976
280 0 314
419 0 188
558 0 651
280 0 791
775 0 403
775 0 885
777 0 418
809 0 192
411 0 833
780 0 791
369 0 293
809 0 395
419 0 192
558 0 885
558 0 403
399 0 933
775 0 651
780 0 314
775 0 98
625 0 933
772 0 468
327 0 339
777 0 403
625 0 937
777 0 885
280 0 339
621 0 748
775 0 418
775 0 425
621 0 754
280 0 574
558 0 624
775 0 423
399 0 937
128 0 937
619 0 833
128 0 933
108 0 339
619 0 293
369 0 235
772 0 395
313 0 885
313 0 403
327 0 293
777 0 188
558 0 98
621 0 849
533 0 674
369 0 468
959 0 395
809 0 273
369 0 250
128 0 235
809 0 235
369 0 251
533 0 468
777 0 395
625 0 192
313 0 861
327 0 273
313 0 624
399 0 293
128 0 468
280 0 933
313 0 849
280 0 937
411 0 293
419 0 833
621 0 833
625 0 188
809 0 250
809 0 251
128 0 651
984 0 188
369 0 674
772 0 192
128 0 403
128 0 885
809 0 468
533 0 98
369 0 423
533 0 235
369 0 425
369 0 418
777 0 98
313 0 833
959 0 192
739 0 395
984 0 192
780 0 395
526 0 937
128 0 674
809 0 674
526 0 933
959 0 188
775 0 933
739 0 188
533 0 251
128 0 425
533 0 250
128 0 423
772 0 188
280 0 976
775 0 937
128 0 418
399 0 235
809 0 651
739 0 754
910 0 293
128 0 293
419 0 651
558 0 188
809 0 418
959 0 314
419 0 403
419 0 885
775 0 273
128 0 98
809 0 423
739 0 748
809 0 425
369 0 861
984 0 833
369 0 624
533 0 833
313 0 235
959 0 791
419 0 418
411 0 235
526 0 976
780 0 192
910 0 273
533 0 861
369 0 651
419 0 674
533 0 624
419 0 425
419 0 423
313 0 468
411 0 468
775 0 293
619 0 468
526 0 748
625 0 339
558 0 395
923 0 937
809 0 885
923 0 933
369 0 885
809 0 403
399 0 468
369 0 403
533 0 849
984 0 849
896 0 192
619 0 235
526 0 754
108 0 937
780 0 188
108 0 933
619 0 250
739 0 314
910 0 250
910 0 251
399 0 273
619 0 251
533 0 885
128 0 251
128 0 250
896 0 188
369 0 833
533 0 403
419 0 849
923 0 754
809 0 861
809 0 624
419 0 861
313 0 674
411 0 273
419 0 98
739 0 791
923 0 748
399 0 251
619 0 273
399 0 250
739 0 339
777 0 192
313 0 418
533 0 423
128 0 273
809 0 833
959 0 339
910 0 235
533 0 425
369 0 849
313 0 423
533 0 418
313 0 425
419 0 624
625 0 395
621 0 188
533 0 651
621 0 192
923 0 976
558 0 192
809 0 849
896 0 395
411 0 250
411 0 251
959 0 574
526 0 314
526 0 791
739 0 574
313 0 651
625 0 403
809 0 98
777 0 976
327 0 849
419 0 251
809 0 933
959 0 833
280 0 468
910 0 574
984 0 423
419 0 250
809 0 937
984 0 425
984 0 418
558 0 339
775 0 314
923 0 574
625 0 651
775 0 791
327 0 833
923 0 314
313 0 192
896 0 250
896 0 251
984 0 674
399 0 403
399 0 885
558 0 574
910 0 339
280 0 235
411 0 754
621 0 293
619 0 976
625 0 885
772 0 933
108 0 674
625 0 624
772 0 937
910 0 791
419 0 273
910 0 314
619 0 748
775 0 339
399 0 849
775 0 574
526 0 468
923 0 791
108 0 425
313 0 188
780 0 98
411 0 748
399 0 861
558 0 791
896 0 235
108 0 423
558 0 314
399 0 624
280 0 251
526 0 235
108 0 418
621 0 273
411 0 976
280 0 250
619 0 754
625 0 861
896 0 468
399 0 674
772 0 754
739 0 833
108 0 651
984 0 861
984 0 624
327 0 651
108 0 403
108 0 885
959 0 624
959 0 861
280 0 273
526 0 251
780 0 849
526 0 250
411 0 791
621 0 250
621 0 251
777 0 933
411 0 314
313 0 395
327 0 403
777 0 937
327 0 885
772 0 976
327 0 624
399 0 651
625 0 425
619 0 791
399 0 418
984 0 885
984 0 403
910 0 754
419 0 468
621 0 468
910 0 748
780 0 833
108 0 624
625 0 674
108 0 861
896 0 674
984 0 651
772 0 748
923 0 339
625 0 418
959 0 849
739 0 849
399 0 425
399 0 423
526 0 273
419 0 235
621 0 235
327 0 861
625 0 423
619 0 314
280 0 293
896 0 423
772 0 314
777 0 574
369 0 192
896 0 425
108 0 293
772 0 791
280 0 624
280 0 861
780 0 418
558 0 976
896 0 418
128 0 849
780 0 651
984 0 273
369 0 188
533 0 395
896 0 651
910 0 976
526 0 293
739 0 192
780 0 403
777 0 339
780 0 885
896 0 885
533 0 188
896 0 403
777 0 314
280 0 403
108 0 273
621 0 418
777 0 791
775 0 976
621 0 423
280 0 885
621 0 425
327 0 674
923 0 395
128 0 624
984 0 293
327 0 418
128 0 861
280 0 418
621 0 674
280 0 651
780 0 624
327 0 425
780 0 861
327 0 423
896 0 861
625 0 849
369 0 395
896 0 624
280 0 425
984 0 468
419 0 293
108 0 251
108 0 250
399 0 833
775 0 748
621 0 885
327 0 251
775 0 754
280 0 423
621 0 403
327 0 250
625 0 833
984 0 235
619 0 937
910 0 933
280 0 674
910 0 937
896 0 849
533 0 192
619 0 933
621 0 651
619 0 98
128 0 833
108 0 235
772 0 339
411 0 937
777 0 754
772 0 574
923 0 98
923 0 192
621 0 861
621 0 624
777 0 748
780 0 674
327 0 235
984 0 251
108 0 468
984 0 250
896 0 833
558 0 754
558 0 748
780 0 425
780 0 423
327 0 468
411 0 933
923 0 188
809 0 293
--------------------------------------
739 0 235
780 0 251
780 0 250
128 0 574
777 0 293
8 7 657
796 7 90
772 0 273
516 7 825
820 7 657
622 7 238
896 0 937
399 0 192
789 7 738
739 0 468
896 0 933
619 0 188
533 0 791
533 0 314
313 0 748
67 7 238
739 0 98
411 0 192
7 7 8
313 0 754
419 0 933
621 0 976
959 0 273
419 0 937
595 7 170
491 7 290
619 0 192
491 7 292
621 0 937
772 0 251
320 7 170
974 7 8
947 7 825
777 0 273
947 7 10
772 0 250
327 0 395
411 0 188
173 7 616
40 7 616
450 7 520
780 0 235
246 7 657
399 0 188
533 0 574
24 7 616
862 7 616
229 7 825
173 7 10
516 7 616
789 7 711
533 0 339
789 7 710
974 7 710
491 7 8
620 7 170
313 0 976
959 0 250
974 7 711
959 0 251
780 0 468
739 0 251
739 0 250
108 0 98
128 0 339
809 0 574
780 0 293
369 0 791
820 7 616
809 0 339
507 7 153
8 7 456
777 0 250
777 0 251
369 0 314
622 7 285
558 0 937
558 0 933
450 7 102
246 7 238
427 7 825
476 7 8
622 7 290
280 0 833
622 7 292
476 7 738
621 0 933
507 7 170
739 0 273
974 7 738
491 7 285
163 7 102
777 0 235
7 7 825
128 0 314
780 0 273
910 0 192
809 0 791
809 0 314
229 7 616
8 7 238
128 0 791
313 0 937
369 0 574
369 0 339
246 7 90
280 0 849
108 0 192
327 0 192
754 7 10
772 0 293
173 7 657
280 0 98
246 7 456
619 7 292
67 7 10
910 0 98
24 7 657
862 7 657
619 7 290
108 0 188
67 7 456
947 7 616
327 0 98
476 7 520
820 7 90
959 0 293
313 0 933
40 7 825
739 0 293
619 7 285
327 0 188
8 7 10
595 7 153
923 0 849
526 0 833
789 7 102
163 7 8
959 0 674
369 0 754
7 7 170
280 0 188
369 0 748
984 0 937
163 7 153
625 0 251
625 0 250
625 0 98
620 7 102
775 0 395
108 0 849
856 7 520
772 0 98
24 7 238
739 0 861
558 0 293
526 0 849
739 0 624
923 0 833
820 7 825
910 0 188
959 0 425
754 7 738
959 0 423
369 0 98
619 0 574
619 0 339
108 0 833
280 0 192
399 0 574
809 0 754
959 0 418
229 7 657
910 0 395
163 7 170
419 0 791
739 0 418
399 0 339
128 0 192
8 7 285
619 7 657
173 7 456
40 7 456
622 7 657
959 0 98
526 0 861
625 0 235
516 7 456
173 7 90
595 7 90
739 0 885
558 0 273
754 7 711
526 0 624
754 7 710
739 0 403
128 0 188
476 7 711
959 0 403
476 7 710
947 7 657
984 0 976
533 0 976
959 0 885
419 0 314
959 0 651
8 7 292
411 0 574
313 0 339
8 7 290
246 7 825
775 0 188
625 0 468
411 0 339
739 0 651
24 7 456
313 0 574
67 7 285
739 0 674
775 0 192
8 7 8
399 0 395
923 0 403
820 7 8
229 7 238
809 0 976
959 0 235
619 7 238
173 7 238
625 0 293
923 0 651
974 7 90
24 7 285
320 7 825
526 0 885
739 0 423
526 0 403
739 0 425
533 0 754
896 0 293
809 0 748
959 0 468
369 0 937
450 7 170
533 0 748
411 0 395
313 0 314
856 7 738
419 0 976
796 7 710
796 7 711
923 0 885
313 0 791
620 7 153
526 0 651
526 0 418
923 0 624
619 0 395
862 7 825
789 7 520
229 7 456
128 0 395
369 0 976
622 7 456
40 7 657
625 0 273
419 0 748
619 7 456
67 7 90
246 7 616
526 0 423
67 7 292
526 0 425
67 7 290
896 0 273
947 7 456
820 7 10
507 7 102
984 0 933
516 7 657
419 0 754
450 7 153
526 0 674
923 0 861
856 7 710
856 7 711
796 7 738
772 0 833
620 7 616
108 0 574
595 7 616
558 0 468
399 0 754
619 0 849
619 7 711
229 7 285
780 0 937
775 0 674
862 7 170
619 7 710
780 0 933
411 0 885
173 7 153
411 0 403
40 7 153
777 0 849
777 0 861
40 7 170
772 0 849
777 0 624
984 0 791
516 7 153
984 0 314
427 7 102
947 7 238
507 7 520
910 0 468
229 7 290
229 7 292
320 7 90
622 7 10
320 7 616
491 7 520
526 0 574
399 0 98
108 0 314
320 7 8
777 0 833
923 0 425
108 0 791
526 0 339
739 0 933
625 0 748
959 0 937
173 7 170
419 0 395
7 7 102
910 0 674
739 0 937
959 0 933
399 0 976
369 0 933
974 7 153
789 7 170
491 7 738
754 7 8
411 0 861
923 0 674
619 0 861
411 0 624
625 0 754
619 0 624
516 7 170
411 0 849
923 0 418
625 0 976
327 0 933
984 0 574
327 0 937
399 0 748
558 0 674
984 0 339
24 7 170
775 0 468
313 0 98
896 0 98
313 0 293
923 0 423
796 7 657
622 7 825
229 7 10
621 0 395
856 7 238
507 7 711
516 7 102
507 7 710
947 7 285
399 0 791
974 7 170
620 7 657
754 7 520
910 0 651
419 0 574
399 0 314
959 0 754
789 7 10
491 7 90
923 0 250
775 0 235
789 7 153
491 7 710
491 7 711
780 0 976
619 0 885
625 0 574
923 0 251
476 7 170
947 7 290
619 0 403
947 7 292
558 0 250
772 0 403
558 0 251
896 0 339
959 0 748
984 0 754
896 0 574
772 0 885
910 0 423
910 0 425
280 0 395
984 0 748
619 0 418
910 0 418
427 7 153
411 0 674
419 0 339
621 0 98
320 7 657
619 0 651
313 0 273
856 7 456
327 0 748
108 0 754
923 0 468
739 0 976
507 7 738
959 0 976
619 7 738
910 0 624
533 0 937
820 7 285
7 7 153
619 0 423
411 0 423
108 0 748
923 0 235
411 0 425
625 0 791
622 7 616
327 0 754
625 0 314
775 0 251
619 0 425
775 0 250
772 0 624
896 0 314
327 0 976
558 0 235
595 7 825
910 0 885
533 0 933
896 0 791
772 0 861
910 0 403
427 7 170
411 0 651
820 7 292
796 7 456
820 7 290
619 0 674
313 0 250
313 0 251
108 0 976
526 0 395
411 0 418
128 0 976
526 0 98
427 7 738
320 7 238
246 7 285
280 0 748
67 7 520
558 0 861
772 0 674
775 0 833
754 7 170
796 7 10
923 0 293
974 7 520
163 7 710
163 7 711
910 0 849
327 0 574
411 0 98
533 0 273
984 0 395
777 0 468
246 7 290
280 0 754
246 7 292
910 0 861
7 7 710
7 7 711
558 0 849
621 0 339
595 7 456
796 7 238
621 0 574
777 0 674
128 0 754
320 7 456
108 0 395
772 0 418
8 7 711
8 7 710
820 7 238
772 0 651
775 0 849
984 0 98
476 7 153
327 0 791
558 0 833
450 7 8
780 0 754
754 7 153
327 0 314
923 0 273
128 0 748
526 0 188
896 0 754
533 0 293
7 7 738
772 0 425
427 7 520
772 0 423
775 0 624
910 0 833
621 0 314
229 7 90
775 0 861
780 0 748
526 0 192
595 7 238
896 0 748
491 7 102
621 0 791
862 7 102
450 7 616
856 7 290
777 0 651
856 7 292
8 7 738
369 0 273
558 0 423
7 7 520
595 7 657
558 0 425
772 0 235
67 7 8
820 7 456
24 7 8
558 0 418
789 7 90
780 0 339
780 0 574
809 0 188
620 7 825
796 7 285
777 0 425
777 0 423
896 0 976
67 7 711
280 0 314
67 7 710
163 7 738
419 0 188
558 0 651
280 0 791
775 0 403
476 7 102
775 0 885
777 0 418
809 0 192
411 0 833
796 7 8
780 0 791
369 0 293
809 0 395
419 0 192
24 7 825
754 7 102
558 0 885
558 0 403
399 0 933
796 7 290
507 7 10
796 7 292
974 7 102
246 7 10
775 0 651
780 0 314
862 7 153
775 0 98
450 7 825
625 0 933
772 0 468
327 0 339
8 7 90
777 0 403
625 0 937
777 0 885
856 7 285
595 7 8
280 0 339
621 0 748
8 7 520
775 0 418
775 0 425
621 0 754
67 7 738
280 0 574
558 0 624
173 7 825
775 0 423
399 0 937
128 0 937
619 0 833
128 0 933
108 0 339
163 7 520
619 0 293
369 0 235
229 7 711
772 0 395
229 7 710
40 7 710
313 0 885
173 7 711
40 7 711
173 7 710
313 0 403
327 0 293
619 7 153
619 7 10
24 7 520
789 7 616
777 0 188
516 7 710
862 7 710
862 7 711
558 0 98
621 0 849
533 0 674
476 7 657
516 7 711
369 0 468
959 0 395
862 7 8
595 7 290
595 7 292
809 0 273
450 7 657
369 0 250
491 7 170
128 0 235
427 7 8
809 0 235
369 0 251
533 0 468
320 7 290
320 7 292
777 0 395
40 7 90
625 0 192
313 0 861
327 0 273
313 0 624
40 7 738
399 0 293
974 7 825
620 7 285
163 7 456
128 0 468
24 7 738
862 7 738
620 7 10
856 7 90
173 7 738
280 0 933
313 0 849
516 7 738
280 0 937
320 7 285
622 7 153
820 7 520
411 0 293
620 7 292
620 7 290
419 0 833
621 0 833
625 0 188
809 0 250
809 0 251
789 7 825
128 0 651
820 7 738
984 0 188
369 0 674
772 0 192
163 7 238
491 7 153
128 0 403
128 0 885
622 7 170
809 0 468
533 0 98
369 0 423
947 7 711
507 7 285
533 0 235
947 7 710
8 7 102
476 7 616
369 0 425
229 7 520
369 0 418
777 0 98
313 0 833
507 7 292
507 7 290
476 7 90
450 7 456
974 7 616
959 0 192
739 0 395
984 0 192
862 7 520
173 7 520
780 0 395
229 7 738
246 7 102
526 0 937
507 7 90
128 0 674
809 0 674
526 0 933
820 7 711
67 7 102
820 7 710
427 7 711
427 7 710
959 0 188
775 0 933
622 7 8
516 7 8
595 7 285
739 0 188
533 0 251
128 0 425
533 0 250
619 7 170
128 0 423
772 0 188
280 0 976
947 7 738
775 0 937
128 0 418
399 0 235
809 0 651
507 7 238
739 0 754
910 0 293
947 7 520
620 7 456
128 0 293
419 0 651
558 0 188
809 0 418
959 0 314
419 0 403
7 7 292
419 0 885
619 7 90
246 7 710
775 0 273
856 7 8
246 7 711
7 7 290
128 0 98
809 0 423
739 0 748
809 0 425
369 0 861
984 0 833
369 0 624
533 0 833
789 7 456
24 7 90
320 7 10
622 7 90
754 7 616
8 7 153
856 7 657
313 0 235
959 0 791
622 7 520
419 0 418
7 7 285
411 0 235
526 0 976
780 0 192
910 0 273
163 7 290
533 0 861
369 0 651
476 7 825
419 0 674
533 0 624
754 7 825
419 0 425
419 0 423
313 0 468
516 7 90
163 7 292
411 0 468
775 0 293
24 7 102
619 0 468
526 0 748
625 0 339
558 0 395
923 0 937
809 0 885
923 0 933
369 0 885
809 0 403
399 0 468
369 0 403
620 7 90
533 0 849
984 0 849
163 7 285
896 0 192
619 7 520
8 7 170
619 0 235
526 0 754
108 0 937
450 7 238
173 7 102
780 0 188
108 0 933
40 7 102
619 0 250
739 0 314
246 7 520
40 7 8
910 0 250
910 0 251
399 0 273
619 0 251
320 7 711
491 7 10
320 7 710
533 0 885
128 0 251
128 0 250
896 0 188
369 0 833
533 0 403
419 0 849
796 7 825
67 7 153
476 7 10
923 0 754
809 0 861
809 0 624
419 0 861
789 7 657
450 7 290
313 0 674
450 7 292
411 0 273
856 7 616
619 7 102
419 0 98
24 7 153
739 0 791
40 7 520
923 0 748
516 7 520
507 7 8
507 7 456
620 7 238
399 0 251
619 0 273
399 0 250
739 0 339
947 7 102
777 0 192
313 0 418
533 0 423
128 0 273
809 0 833
959 0 339
910 0 235
533 0 425
369 0 849
313 0 423
533 0 418
856 7 825
313 0 425
450 7 285
419 0 624
625 0 395
246 7 738
621 0 188
533 0 651
621 0 192
67 7 170
923 0 976
558 0 192
809 0 849
896 0 395
229 7 102
411 0 250
411 0 251
959 0 574
622 7 102
620 7 8
526 0 314
526 0 791
739 0 574
796 7 616
313 0 651
620 7 738
625 0 403
809 0 98
777 0 976
327 0 849
419 0 251
809 0 933
959 0 833
280 0 468
910 0 574
984 0 423
419 0 250
809 0 937
427 7 456
984 0 425
595 7 738
984 0 418
558 0 339
862 7 290
775 0 314
862 7 292
923 0 574
625 0 651
246 7 8
775 0 791
327 0 833
923 0 314
40 7 290
754 7 456
796 7 520
313 0 192
40 7 292
896 0 250
896 0 251
984 0 674
399 0 403
619 7 825
399 0 885
558 0 574
910 0 339
280 0 235
229 7 170
411 0 754
862 7 285
173 7 285
621 0 293
40 7 285
619 0 976
625 0 885
320 7 738
507 7 657
772 0 933
108 0 674
625 0 624
620 7 711
173 7 290
772 0 937
516 7 285
173 7 292
910 0 791
620 7 710
419 0 273
862 7 90
910 0 314
427 7 238
789 7 292
619 0 748
595 7 520
789 7 290
491 7 616
775 0 339
67 7 825
24 7 10
399 0 849
775 0 574
526 0 468
516 7 292
856 7 102
516 7 290
923 0 791
108 0 425
313 0 188
780 0 98
411 0 748
516 7 10
7 7 90
163 7 90
399 0 861
558 0 791
896 0 235
108 0 423
558 0 314
7 7 456
399 0 624
974 7 285
280 0 251
24 7 290
229 7 153
789 7 285
24 7 292
173 7 8
526 0 235
108 0 418
621 0 273
595 7 10
411 0 976
450 7 90
280 0 250
619 0 754
625 0 861
974 7 10
896 0 468
399 0 674
772 0 754
739 0 833
974 7 290
427 7 10
108 0 651
984 0 861
974 7 292
984 0 624
622 7 710
40 7 238
229 7 8
622 7 711
327 0 651
476 7 290
476 7 292
947 7 170
108 0 403
754 7 657
108 0 885
947 7 153
959 0 624
959 0 861
7 7 238
516 7 238
280 0 273
526 0 251
780 0 849
526 0 250
411 0 791
621 0 250
621 0 251
777 0 933
411 0 314
313 0 395
327 0 403
777 0 937
327 0 885
772 0 976
327 0 624
399 0 651
625 0 425
507 7 616
619 0 791
399 0 418
984 0 885
984 0 403
619 7 616
910 0 754
419 0 468
621 0 468
910 0 748
427 7 285
780 0 833
620 7 520
622 7 738
108 0 624
625 0 674
108 0 861
896 0 674
320 7 520
984 0 651
796 7 102
772 0 748
923 0 339
625 0 418
959 0 849
739 0 849
789 7 238
399 0 425
399 0 423
427 7 290
526 0 273
419 0 235
491 7 825
427 7 292
621 0 235
595 7 711
595 7 710
820 7 170
327 0 861
625 0 423
619 0 314
280 0 293
896 0 423
772 0 314
427 7 616
777 0 574
369 0 192
896 0 425
108 0 293
163 7 825
772 0 791
280 0 624
754 7 290
595 7 102
280 0 861
780 0 418
558 0 976
491 7 238
896 0 418
128 0 849
780 0 651
754 7 292
984 0 273
320 7 102
369 0 188
8 7 825
533 0 395
246 7 170
896 0 651
619 7 8
910 0 976
526 0 293
820 7 153
739 0 192
974 7 657
780 0 403
777 0 339
780 0 885
896 0 885
533 0 188
40 7 10
896 0 403
777 0 314
7 7 10
280 0 403
108 0 273
621 0 418
777 0 791
775 0 976
621 0 423
491 7 456
862 7 10
280 0 885
621 0 425
163 7 10
327 0 674
947 7 90
923 0 395
128 0 624
984 0 293
862 7 456
327 0 418
7 7 616
856 7 10
128 0 861
507 7 825
246 7 153
280 0 418
476 7 285
621 0 674
280 0 651
450 7 10
67 7 657
780 0 624
754 7 285
327 0 425
780 0 861
327 0 423
427 7 657
896 0 861
856 7 170
796 7 153
450 7 738
8 7 616
625 0 849
369 0 395
896 0 624
280 0 425
984 0 468
419 0 293
108 0 251
108 0 250
399 0 833
427 7 90
775 0 748
320 7 153
621 0 885
327 0 251
775 0 754
280 0 423
621 0 403
476 7 456
327 0 250
24 7 711
625 0 833
862 7 238
984 0 235
163 7 616
820 7 102
619 0 937
974 7 456
910 0 933
280 0 674
910 0 937
896 0 849
533 0 192
619 0 933
621 0 651
619 0 98
24 7 710
128 0 833
108 0 235
772 0 339
411 0 937
777 0 754
856 7 153
754 7 90
796 7 170
772 0 574
923 0 98
923 0 192
621 0 861
163 7 657
621 0 624
491 7 657
777 0 748
780 0 674
327 0 235
789 7 8
984 0 251
108 0 468
984 0 250
754 7 238
896 0 833
476 7 238
558 0 754
7 7 657
67 7 616
558 0 748
974 7 238
780 0 425
780 0 423
327 0 468
450 7 711
411 0 933
450 7 710
947 7 8
923 0 188
809 0 293
--------------------------------------
563 7 274
777 0 293
796 7 90
772 0 273
516 7 825
601 7 267
512 7 697
512 7 215
695 7 910
846 7 402
622 7 238
601 7 274
541 7 411
459 7 910
739 0 468
619 0 188
563 7 267
533 0 791
533 0 314
313 0 748
67 7 238
739 0 98
567 7 402
313 0 754
541 7 402
621 0 976
619 0 192
563 7 299
149 7 638
852 7 582
621 0 937
772 0 251
320 7 170
947 7 825
730 7 81
777 0 273
947 7 10
772 0 250
327 0 395
68 7 910
444 7 638
173 7 10
533 0 339
491 7 8
620 7 170
780 0 468
128 0 339
809 0 574
369 0 791
8 7 456
838 7 638
777 0 250
777 0 251
369 0 314
622 7 285
558 0 937
558 0 933
459 7 954
459 7 953
427 7 825
622 7 290
601 7 299
622 7 292
476 7 738
621 0 933
94 7 81
163 7 102
777 0 235
128 0 314
512 7 638
229 7 616
311 7 582
128 0 791
369 0 339
108 0 192
772 0 293
846 7 828
222 7 582
246 7 456
183 7 299
67 7 10
910 0 98
444 7 697
108 0 188
820 7 90
40 7 825
567 7 828
8 7 10
838 7 274
526 0 833
500 7 274
789 7 102
94 7 37
369 0 754
7 7 170
280 0 188
369 0 748
984 0 937
163 7 153
625 0 251
625 0 250
491 7 910
620 7 102
183 7 274
444 7 215
852 7 954
852 7 953
311 7 954
206 7 953
206 7 954
311 7 953
336 7 299
500 7 267
739 0 861
526 0 849
752 7 411
838 7 267
820 7 825
959 0 425
959 0 423
369 0 98
512 7 299
803 7 638
94 7 45
752 7 402
619 0 574
183 7 267
280 0 192
500 7 299
563 7 697
959 0 418
229 7 657
563 7 215
910 0 395
163 7 170
419 0 791
739 0 418
399 0 339
541 7 828
173 7 456
40 7 456
461 7 411
622 7 657
730 7 582
526 0 861
381 7 910
625 0 235
516 7 456
173 7 90
595 7 90
739 0 885
739 0 403
767 7 274
476 7 711
959 0 403
476 7 710
984 0 976
512 7 267
959 0 885
419 0 314
512 7 274
461 7 402
313 0 339
767 7 267
246 7 825
775 0 188
222 7 158
411 0 339
24 7 456
67 7 285
775 0 192
8 7 8
399 0 395
820 7 8
444 7 267
229 7 238
809 0 976
695 7 953
695 7 954
222 7 160
625 0 293
923 0 651
974 7 90
730 7 160
526 0 885
206 7 910
739 0 423
444 7 274
526 0 403
739 0 425
533 0 754
896 0 293
959 0 468
533 0 748
411 0 395
313 0 314
730 7 158
856 7 738
730 7 37
313 0 791
620 7 153
897 7 402
526 0 418
923 0 624
862 7 825
789 7 520
838 7 215
128 0 395
838 7 697
567 7 411
183 7 215
625 0 273
419 0 748
730 7 45
619 7 456
67 7 90
767 7 299
526 0 423
183 7 697
897 7 411
336 7 274
67 7 292
444 7 299
526 0 425
67 7 290
896 0 273
947 7 456
820 7 10
984 0 933
419 0 754
846 7 411
752 7 828
856 7 710
856 7 711
336 7 267
620 7 616
108 0 574
730 7 638
558 0 468
399 0 754
229 7 285
780 0 937
775 0 674
461 7 910
780 0 933
596 7 274
411 0 885
411 0 403
340 7 37
563 7 81
491 7 45
777 0 624
68 7 582
151 7 638
636 7 697
636 7 215
910 0 468
229 7 290
229 7 292
622 7 10
320 7 616
491 7 520
491 7 37
399 0 98
320 7 8
526 0 339
739 0 933
625 0 748
959 0 937
459 7 582
94 7 828
419 0 395
7 7 102
739 0 937
959 0 933
974 7 153
789 7 170
596 7 299
754 7 8
695 7 582
411 0 861
923 0 674
222 7 45
803 7 267
625 0 754
619 0 624
411 0 849
984 0 574
399 0 748
313 0 293
222 7 37
229 7 10
856 7 238
507 7 711
507 7 710
459 7 160
399 0 791
974 7 170
620 7 657
754 7 520
897 7 828
399 0 314
789 7 10
491 7 90
601 7 37
923 0 250
775 0 235
789 7 153
461 7 953
461 7 954
491 7 953
491 7 954
780 0 976
459 7 158
852 7 910
923 0 251
401 7 411
896 0 339
491 7 81
910 0 423
910 0 425
910 0 418
419 0 339
621 0 98
320 7 657
619 0 651
313 0 273
327 0 748
401 7 402
739 0 976
507 7 738
838 7 299
959 0 976
149 7 158
222 7 81
149 7 160
7 7 153
767 7 697
411 0 423
923 0 235
411 0 425
625 0 791
622 7 616
327 0 754
625 0 314
381 7 953
381 7 954
775 0 251
767 7 215
775 0 250
772 0 624
896 0 314
595 7 825
910 0 885
896 0 791
910 0 403
596 7 267
601 7 45
803 7 215
796 7 456
803 7 697
619 0 674
313 0 250
313 0 251
108 0 976
526 0 395
563 7 638
340 7 45
411 0 418
222 7 910
206 7 160
427 7 738
320 7 238
311 7 160
558 0 861
772 0 674
754 7 170
718 7 402
796 7 10
923 0 293
974 7 520
910 0 849
206 7 158
411 0 98
533 0 273
311 7 158
910 0 861
636 7 299
558 0 849
718 7 411
595 7 456
621 0 574
777 0 674
128 0 754
656 7 828
500 7 81
772 0 651
596 7 215
596 7 697
327 0 791
558 0 833
450 7 8
206 7 45
754 7 153
327 0 314
923 0 273
128 0 748
151 7 215
896 0 754
533 0 293
151 7 697
601 7 638
601 7 81
775 0 624
910 0 833
229 7 90
381 7 582
340 7 81
896 0 748
491 7 102
206 7 37
491 7 582
222 7 954
856 7 290
222 7 953
777 0 651
856 7 292
369 0 273
558 0 423
7 7 520
563 7 37
558 0 425
656 7 402
401 7 828
772 0 235
67 7 8
820 7 456
767 7 638
558 0 418
789 7 90
149 7 582
695 7 160
780 0 574
340 7 828
809 0 188
67 7 711
601 7 697
67 7 710
151 7 274
563 7 45
596 7 638
656 7 411
601 7 215
695 7 158
500 7 37
809 0 192
411 0 833
803 7 274
369 0 293
206 7 81
24 7 825
206 7 582
754 7 102
558 0 885
718 7 828
558 0 403
507 7 10
151 7 267
636 7 267
974 7 102
636 7 274
775 0 651
775 0 98
500 7 45
68 7 954
68 7 953
450 7 825
327 0 339
8 7 90
856 7 285
8 7 520
67 7 738
280 0 574
173 7 825
803 7 299
163 7 520
619 0 293
563 7 158
476 7 402
229 7 711
772 0 395
229 7 710
40 7 710
173 7 711
40 7 711
173 7 710
476 7 411
619 7 153
619 7 10
838 7 37
24 7 520
222 7 402
516 7 710
862 7 710
862 7 711
558 0 98
838 7 45
533 0 674
516 7 711
369 0 468
596 7 953
959 0 395
596 7 954
656 7 582
222 7 411
809 0 273
461 7 582
450 7 657
491 7 170
340 7 411
128 0 235
427 7 8
809 0 235
320 7 290
320 7 292
803 7 910
777 0 395
40 7 90
625 0 192
313 0 624
40 7 738
752 7 910
974 7 825
163 7 456
311 7 411
862 7 738
340 7 402
620 7 10
173 7 738
516 7 738
563 7 160
320 7 285
622 7 153
730 7 299
419 0 833
625 0 188
809 0 250
809 0 251
311 7 402
789 7 825
128 0 651
820 7 738
461 7 158
206 7 638
567 7 953
567 7 954
401 7 37
975 7 411
491 7 158
491 7 153
491 7 160
622 7 170
533 0 98
369 0 423
947 7 711
533 0 235
947 7 710
369 0 425
596 7 910
369 0 418
777 0 98
991 7 215
739 0 395
975 7 402
846 7 954
991 7 697
846 7 953
229 7 738
246 7 102
767 7 81
128 0 674
809 0 674
820 7 711
636 7 37
820 7 710
427 7 711
427 7 710
461 7 81
622 7 8
516 7 8
533 0 251
533 0 250
619 7 170
183 7 160
947 7 738
636 7 45
461 7 160
809 0 651
553 7 274
739 0 754
381 7 81
620 7 456
838 7 158
128 0 293
959 0 314
94 7 402
419 0 403
695 7 402
419 0 885
619 7 90
459 7 638
991 7 267
838 7 160
183 7 158
775 0 273
128 0 98
151 7 910
739 0 748
369 0 861
984 0 833
789 7 456
320 7 10
313 0 235
959 0 791
622 7 520
419 0 418
852 7 828
311 7 828
94 7 411
476 7 828
780 0 192
476 7 825
730 7 215
533 0 624
567 7 582
754 7 825
419 0 425
419 0 423
846 7 582
411 0 468
767 7 45
775 0 293
24 7 102
461 7 45
526 0 748
558 0 395
553 7 267
369 0 885
656 7 158
399 0 468
369 0 403
620 7 90
984 0 849
730 7 697
619 7 520
975 7 828
991 7 274
656 7 160
401 7 45
444 7 81
619 0 235
526 0 754
108 0 937
450 7 238
767 7 37
780 0 188
108 0 933
619 0 250
739 0 314
246 7 520
619 0 251
320 7 711
491 7 10
320 7 710
128 0 251
128 0 250
381 7 45
369 0 833
381 7 37
419 0 849
796 7 825
838 7 582
151 7 953
563 7 582
923 0 754
151 7 954
695 7 828
809 0 624
419 0 861
450 7 290
838 7 81
313 0 674
450 7 292
619 7 102
730 7 274
24 7 153
991 7 299
183 7 582
461 7 37
739 0 791
923 0 748
507 7 8
507 7 456
636 7 828
553 7 299
619 0 273
739 0 339
336 7 160
803 7 953
128 0 273
803 7 954
959 0 339
369 0 849
730 7 267
856 7 825
450 7 285
752 7 954
752 7 953
621 0 188
336 7 158
852 7 411
533 0 651
621 0 192
896 0 395
401 7 81
622 7 102
620 7 8
526 0 314
526 0 791
852 7 402
313 0 651
327 0 849
959 0 833
910 0 574
984 0 423
984 0 425
984 0 418
596 7 158
491 7 638
558 0 339
862 7 290
775 0 314
862 7 292
625 0 651
246 7 8
775 0 791
336 7 215
327 0 833
923 0 314
40 7 290
754 7 456
313 0 192
40 7 292
399 0 403
399 0 885
280 0 235
336 7 81
862 7 285
173 7 285
401 7 582
621 0 293
40 7 285
596 7 160
320 7 738
500 7 411
625 0 624
173 7 290
516 7 285
173 7 292
862 7 90
427 7 238
619 0 748
595 7 520
491 7 616
775 0 339
67 7 825
399 0 849
516 7 292
459 7 697
516 7 290
459 7 215
923 0 791
108 0 425
313 0 188
7 7 90
399 0 861
336 7 697
558 0 791
108 0 423
558 0 314
7 7 456
280 0 251
94 7 953
94 7 954
718 7 910
526 0 235
563 7 954
108 0 418
621 0 273
595 7 10
563 7 953
411 0 976
280 0 250
619 0 754
68 7 411
896 0 468
772 0 754
739 0 833
427 7 10
984 0 861
40 7 238
229 7 8
183 7 638
311 7 910
108 0 403
108 0 885
459 7 274
959 0 861
516 7 238
336 7 45
280 0 273
526 0 251
526 0 250
621 0 250
621 0 251
459 7 267
327 0 403
327 0 885
444 7 37
619 0 791
553 7 697
381 7 828
399 0 418
984 0 885
984 0 403
619 7 616
419 0 468
427 7 285
620 7 520
206 7 299
803 7 582
625 0 674
108 0 861
772 0 748
923 0 339
959 0 849
656 7 910
739 0 849
399 0 425
399 0 423
444 7 45
427 7 290
526 0 273
427 7 292
94 7 910
621 0 235
695 7 411
149 7 299
553 7 215
327 0 861
619 0 314
280 0 293
896 0 423
772 0 314
427 7 616
340 7 910
896 0 425
163 7 825
512 7 45
772 0 791
280 0 624
595 7 102
491 7 238
567 7 910
656 7 45
896 0 418
780 0 651
8 7 825
336 7 638
246 7 170
149 7 267
910 0 976
526 0 293
149 7 274
777 0 339
656 7 37
846 7 910
896 0 885
852 7 37
533 0 188
40 7 10
896 0 403
777 0 314
7 7 10
151 7 582
777 0 791
336 7 37
862 7 10
491 7 215
459 7 299
491 7 697
897 7 299
923 0 395
128 0 624
327 0 418
68 7 402
401 7 953
507 7 825
401 7 954
246 7 153
206 7 274
222 7 828
512 7 37
656 7 954
656 7 953
500 7 828
852 7 45
621 0 674
280 0 651
636 7 81
596 7 582
780 0 624
206 7 267
327 0 425
327 0 423
656 7 81
427 7 657
896 0 861
450 7 738
340 7 954
369 0 395
340 7 953
149 7 215
984 0 468
149 7 697
399 0 833
427 7 90
775 0 748
381 7 411
151 7 160
775 0 754
476 7 456
862 7 238
151 7 158
803 7 160
974 7 456
444 7 828
910 0 933
280 0 674
910 0 937
896 0 849
803 7 158
68 7 828
533 0 192
621 0 651
553 7 638
619 0 98
381 7 402
772 0 339
411 0 937
991 7 638
777 0 754
754 7 90
923 0 98
621 0 624
491 7 657
777 0 748
206 7 697
780 0 674
206 7 215
500 7 402
789 7 8
108 0 468
401 7 910
896 0 833
558 0 754
558 0 748
718 7 954
718 7 953
852 7 81
563 7 910
327 0 468
450 7 711
411 0 933
450 7 710
809 0 293
739 0 235
780 0 251
780 0 250
975 7 582
128 0 574
596 7 828
8 7 657
820 7 657
149 7 411
381 7 299
896 0 937
399 0 192
567 7 638
789 7 738
896 0 933
336 7 910
656 7 215
656 7 697
411 0 192
541 7 638
7 7 8
803 7 828
419 0 933
959 0 273
419 0 937
595 7 170
846 7 638
491 7 290
491 7 292
838 7 411
974 7 8
68 7 45
411 0 188
173 7 616
40 7 616
450 7 520
491 7 299
780 0 235
246 7 657
718 7 582
897 7 215
897 7 697
399 0 188
533 0 574
24 7 616
94 7 160
636 7 910
862 7 616
229 7 825
444 7 411
838 7 402
149 7 402
516 7 616
789 7 711
789 7 710
974 7 710
313 0 976
959 0 250
974 7 711
959 0 251
68 7 37
444 7 402
739 0 251
739 0 250
108 0 98
94 7 158
897 7 267
780 0 293
500 7 910
820 7 616
809 0 339
507 7 153
512 7 411
512 7 81
991 7 582
450 7 102
767 7 910
461 7 274
246 7 238
491 7 274
897 7 274
476 7 8
280 0 833
512 7 402
461 7 267
507 7 170
739 0 273
974 7 738
491 7 285
7 7 825
780 0 273
910 0 192
809 0 791
809 0 314
8 7 238
313 0 937
369 0 574
246 7 90
280 0 849
327 0 192
461 7 299
754 7 10
991 7 81
381 7 274
173 7 657
94 7 582
280 0 98
619 7 292
24 7 657
862 7 657
619 7 290
67 7 456
947 7 616
327 0 98
381 7 267
476 7 520
959 0 293
313 0 933
739 0 293
619 7 285
491 7 267
327 0 188
595 7 153
923 0 849
68 7 299
553 7 158
163 7 8
959 0 674
149 7 81
625 0 98
803 7 81
803 7 402
775 0 395
108 0 849
856 7 520
772 0 98
24 7 238
149 7 828
558 0 293
739 0 624
923 0 833
910 0 188
897 7 638
553 7 160
754 7 738
340 7 582
656 7 299
619 0 339
108 0 833
399 0 574
809 0 754
128 0 192
656 7 267
8 7 285
619 7 657
991 7 160
567 7 215
656 7 274
567 7 697
959 0 98
991 7 45
975 7 953
752 7 638
975 7 954
401 7 158
558 0 273
754 7 711
526 0 624
754 7 710
128 0 188
476 7 953
947 7 657
461 7 638
476 7 954
183 7 81
533 0 976
846 7 215
959 0 651
846 7 697
8 7 292
411 0 574
8 7 290
401 7 160
803 7 411
625 0 468
991 7 37
739 0 651
991 7 158
313 0 574
739 0 674
340 7 158
923 0 403
149 7 45
959 0 235
619 7 238
173 7 238
24 7 285
320 7 825
718 7 160
68 7 267
149 7 37
809 0 748
369 0 937
450 7 170
419 0 976
151 7 828
796 7 710
796 7 711
923 0 885
526 0 651
68 7 274
619 0 395
229 7 456
369 0 976
622 7 456
40 7 657
461 7 697
461 7 215
246 7 616
975 7 910
636 7 954
340 7 160
636 7 953
476 7 910
507 7 102
516 7 657
718 7 158
450 7 153
526 0 674
923 0 861
796 7 738
772 0 833
151 7 402
601 7 828
151 7 81
595 7 616
619 0 849
311 7 45
619 7 711
862 7 170
619 7 710
173 7 153
40 7 153
777 0 849
563 7 828
777 0 861
401 7 697
401 7 215
40 7 170
772 0 849
984 0 791
516 7 153
984 0 314
427 7 102
947 7 238
507 7 520
596 7 81
320 7 90
311 7 37
526 0 574
752 7 37
108 0 314
777 0 833
923 0 425
108 0 791
173 7 170
567 7 81
910 0 674
399 0 976
369 0 933
491 7 738
975 7 45
767 7 411
619 0 861
411 0 624
516 7 170
923 0 418
625 0 976
327 0 933
327 0 937
558 0 674
984 0 339
975 7 37
24 7 170
775 0 468
313 0 98
896 0 98
923 0 423
796 7 657
622 7 825
336 7 582
621 0 395
752 7 582
516 7 102
947 7 285
311 7 81
910 0 651
567 7 160
636 7 402
419 0 574
959 0 754
541 7 299
567 7 158
491 7 710
491 7 711
619 0 885
625 0 574
476 7 170
947 7 290
619 0 403
947 7 292
558 0 250
772 0 403
558 0 251
500 7 582
959 0 748
636 7 411
984 0 754
846 7 160
896 0 574
772 0 885
752 7 45
280 0 395
984 0 748
619 0 418
846 7 158
427 7 153
411 0 674
596 7 45
856 7 456
108 0 754
991 7 910
923 0 468
563 7 411
619 7 738
910 0 624
533 0 937
567 7 45
820 7 285
619 0 423
596 7 37
108 0 748
619 0 425
553 7 582
327 0 976
151 7 411
401 7 638
563 7 402
558 0 235
533 0 933
730 7 402
772 0 861
567 7 37
427 7 170
730 7 411
411 0 651
820 7 292
820 7 290
128 0 976
526 0 98
500 7 953
500 7 954
246 7 285
838 7 953
280 0 748
67 7 520
838 7 954
775 0 833
183 7 953
183 7 954
163 7 710
163 7 711
327 0 574
852 7 274
984 0 395
777 0 468
246 7 290
601 7 411
280 0 754
246 7 292
7 7 710
7 7 711
621 0 339
752 7 81
553 7 953
796 7 238
553 7 954
975 7 160
991 7 954
320 7 456
108 0 395
772 0 418
8 7 711
8 7 710
820 7 238
897 7 37
601 7 402
775 0 849
984 0 98
476 7 153
541 7 274
476 7 158
780 0 754
444 7 910
975 7 158
553 7 45
526 0 188
852 7 299
7 7 738
772 0 425
512 7 828
427 7 520
718 7 638
772 0 423
621 0 314
775 0 861
780 0 748
526 0 192
595 7 238
541 7 267
553 7 37
767 7 828
476 7 160
991 7 953
621 0 791
862 7 102
450 7 616
151 7 45
8 7 738
595 7 657
838 7 910
24 7 8
183 7 910
541 7 215
780 0 339
541 7 697
151 7 37
620 7 825
796 7 285
777 0 425
336 7 953
336 7 954
730 7 828
777 0 423
896 0 976
280 0 314
163 7 738
419 0 188
558 0 651
897 7 45
280 0 791
596 7 402
476 7 582
775 0 403
476 7 102
775 0 885
777 0 418
767 7 402
796 7 8
780 0 791
809 0 395
553 7 81
419 0 192
399 0 933
796 7 290
975 7 81
752 7 160
796 7 292
596 7 411
246 7 10
780 0 314
862 7 153
444 7 954
444 7 953
68 7 81
625 0 933
772 0 468
777 0 403
752 7 158
625 0 937
777 0 885
656 7 638
595 7 8
280 0 339
621 0 748
775 0 418
775 0 425
621 0 754
558 0 624
775 0 423
399 0 937
128 0 937
619 0 833
128 0 933
108 0 339
222 7 638
369 0 235
512 7 582
313 0 885
313 0 403
327 0 293
975 7 697
975 7 215
695 7 81
789 7 616
777 0 188
621 0 849
381 7 160
476 7 657
862 7 8
897 7 81
595 7 290
595 7 292
991 7 411
369 0 250
459 7 81
369 0 251
533 0 468
313 0 861
327 0 273
399 0 293
476 7 81
206 7 411
620 7 285
852 7 215
94 7 267
852 7 697
128 0 468
24 7 738
856 7 90
280 0 933
313 0 849
151 7 299
280 0 937
820 7 520
411 0 293
620 7 292
620 7 290
621 0 833
94 7 274
340 7 638
897 7 582
984 0 188
369 0 674
846 7 37
772 0 192
163 7 238
128 0 403
897 7 158
128 0 885
809 0 468
507 7 285
541 7 953
541 7 954
8 7 102
476 7 616
541 7 81
229 7 520
718 7 215
94 7 215
718 7 697
459 7 828
313 0 833
507 7 292
507 7 290
846 7 45
476 7 90
450 7 456
974 7 616
553 7 910
959 0 192
897 7 160
222 7 697
459 7 37
206 7 402
984 0 192
862 7 520
173 7 520
94 7 697
222 7 215
852 7 267
780 0 395
340 7 697
526 0 937
507 7 90
526 0 933
340 7 215
67 7 102
149 7 954
149 7 953
975 7 638
381 7 158
959 0 188
775 0 933
459 7 45
595 7 285
311 7 215
739 0 188
311 7 697
128 0 425
128 0 423
601 7 158
772 0 188
280 0 976
476 7 638
775 0 937
601 7 160
128 0 418
399 0 235
507 7 238
767 7 160
444 7 582
910 0 293
947 7 520
541 7 37
695 7 638
419 0 651
558 0 188
809 0 418
7 7 292
767 7 158
246 7 710
856 7 8
246 7 711
7 7 290
809 0 423
541 7 45
809 0 425
541 7 910
369 0 624
533 0 833
24 7 90
622 7 90
754 7 616
846 7 81
8 7 153
856 7 657
7 7 285
411 0 235
526 0 976
910 0 273
163 7 290
533 0 861
369 0 651
512 7 158
419 0 674
149 7 910
313 0 468
512 7 160
516 7 90
163 7 292
222 7 267
619 0 468
401 7 299
625 0 339
923 0 937
809 0 885
636 7 638
923 0 933
500 7 160
809 0 403
533 0 849
163 7 285
695 7 37
896 0 192
206 7 828
8 7 170
222 7 274
173 7 102
40 7 102
500 7 158
40 7 8
910 0 250
910 0 251
399 0 273
533 0 885
896 0 188
340 7 274
533 0 403
695 7 45
852 7 638
401 7 274
311 7 638
67 7 153
476 7 10
340 7 267
809 0 861
444 7 158
789 7 657
411 0 273
856 7 616
419 0 98
222 7 299
718 7 299
401 7 267
40 7 520
68 7 158
516 7 520
476 7 45
340 7 299
620 7 238
399 0 251
399 0 250
947 7 102
777 0 192
313 0 418
533 0 423
809 0 833
910 0 235
533 0 425
444 7 160
313 0 423
533 0 418
718 7 267
313 0 425
419 0 624
459 7 411
625 0 395
246 7 738
67 7 170
923 0 976
558 0 192
68 7 160
809 0 849
229 7 102
476 7 37
411 0 250
411 0 251
959 0 574
94 7 638
459 7 402
739 0 574
796 7 616
718 7 274
68 7 697
620 7 738
68 7 215
625 0 403
809 0 98
777 0 976
752 7 267
419 0 251
809 0 933
280 0 468
419 0 250
809 0 937
427 7 456
595 7 738
923 0 574
796 7 520
897 7 910
896 0 250
896 0 251
984 0 674
619 7 825
558 0 574
910 0 339
636 7 582
491 7 402
229 7 170
411 0 754
619 0 976
625 0 885
507 7 657
772 0 933
108 0 674
620 7 711
772 0 937
553 7 411
910 0 791
620 7 710
419 0 273
910 0 314
789 7 292
789 7 290
24 7 10
553 7 402
381 7 638
775 0 574
526 0 468
856 7 102
183 7 411
780 0 98
411 0 748
516 7 10
163 7 90
896 0 235
399 0 624
601 7 910
974 7 285
695 7 215
24 7 290
229 7 153
695 7 697
183 7 402
789 7 285
24 7 292
846 7 299
173 7 8
450 7 90
625 0 861
974 7 10
399 0 674
974 7 290
108 0 651
974 7 292
984 0 624
461 7 828
491 7 828
622 7 710
476 7 299
622 7 711
327 0 651
476 7 290
752 7 215
476 7 292
947 7 170
803 7 45
754 7 657
947 7 153
752 7 697
897 7 954
897 7 953
959 0 624
7 7 238
567 7 299
780 0 849
411 0 791
846 7 274
777 0 933
411 0 314
313 0 395
500 7 215
777 0 937
541 7 160
500 7 697
772 0 976
327 0 624
399 0 651
625 0 425
336 7 402
507 7 616
767 7 582
910 0 754
621 0 468
910 0 748
846 7 267
780 0 833
622 7 738
108 0 624
336 7 411
896 0 674
320 7 520
803 7 37
183 7 45
984 0 651
796 7 102
625 0 418
789 7 238
601 7 954
567 7 274
601 7 953
419 0 235
491 7 825
567 7 267
595 7 711
595 7 710
820 7 170
183 7 37
625 0 423
777 0 574
369 0 192
108 0 293
852 7 160
183 7 828
730 7 910
553 7 828
754 7 290
381 7 697
280 0 861
780 0 418
558 0 976
718 7 81
975 7 299
128 0 849
767 7 954
767 7 953
754 7 292
852 7 158
381 7 215
984 0 273
320 7 102
369 0 188
533 0 395
311 7 274
896 0 651
619 7 8
838 7 828
820 7 153
476 7 267
739 0 192
974 7 657
780 0 403
780 0 885
311 7 267
280 0 403
512 7 954
512 7 953
108 0 273
621 0 418
775 0 976
621 0 423
476 7 274
491 7 456
280 0 885
621 0 425
163 7 10
541 7 158
327 0 674
68 7 638
947 7 90
984 0 293
862 7 456
7 7 616
856 7 10
975 7 274
991 7 828
128 0 861
280 0 418
476 7 285
450 7 10
695 7 299
67 7 657
975 7 267
754 7 285
780 0 861
856 7 170
796 7 153
8 7 616
625 0 849
896 0 624
280 0 425
419 0 293
108 0 251
108 0 250
336 7 828
320 7 153
730 7 953
730 7 954
621 0 885
718 7 45
327 0 251
280 0 423
621 0 403
327 0 250
476 7 697
24 7 711
625 0 833
752 7 299
984 0 235
163 7 616
476 7 215
820 7 102
619 0 937
695 7 274
601 7 582
619 0 933
94 7 299
24 7 710
128 0 833
108 0 235
856 7 153
512 7 910
796 7 170
772 0 574
923 0 192
621 0 861
695 7 267
163 7 657
491 7 411
991 7 402
327 0 235
752 7 274
984 0 251
311 7 299
984 0 250
754 7 238
476 7 238
636 7 158
7 7 657
718 7 37
541 7 582
67 7 616
974 7 238
636 7 160
500 7 638
780 0 425
780 0 423
947 7 8
923 0 188
--------------------------------------
563 7 274
26 3 493
135 3 554
777 0 293
796 7 90
772 0 273
516 7 825
601 7 267
512 7 697
512 7 215
695 7 910
846 7 402
622 7 238
601 7 274
541 7 411
459 7 910
498 3 944
739 0 468
619 0 188
563 7 267
533 0 791
533 0 314
313 0 748
67 7 238
739 0 98
567 7 402
313 0 754
541 7 402
621 0 976
146 3 28
582 3 946
135 3 575
619 0 192
563 7 299
149 7 638
852 7 582
582 3 944
621 0 937
772 0 251
320 7 170
947 7 825
730 7 81
777 0 273
947 7 10
772 0 250
327 0 395
451 3 997
68 7 910
444 7 638
173 7 10
228 3 735
533 0 339
917 3 735
925 3 946
681 3 28
491 7 8
925 3 944
620 7 170
780 0 468
128 0 339
809 0 574
135 3 597
369 0 791
8 7 456
146 3 681
838 7 638
917 3 306
777 0 250
135 3 594
777 0 251
369 0 314
622 7 285
558 0 937
558 0 933
451 3 535
451 3 534
925 3 997
827 3 493
459 7 954
459 7 953
427 7 825
841 3 28
622 7 290
120 3 681
601 7 299
622 7 292
476 7 738
621 0 933
94 7 81
163 7 102
777 0 235
128 0 314
512 7 638
229 7 616
311 7 582
128 0 791
228 3 306
369 0 339
108 0 192
772 0 293
846 7 828
451 3 554
222 7 582
514 3 294
246 7 456
183 7 299
67 7 10
910 0 98
444 7 697
108 0 188
820 7 90
40 7 825
567 7 828
8 7 10
838 7 274
498 3 535
498 3 534
526 0 833
500 7 274
789 7 102
94 7 37
369 0 754
7 7 170
280 0 188
369 0 748
984 0 937
163 7 153
625 0 251
625 0 250
491 7 910
620 7 102
183 7 274
444 7 215
925 3 554
852 7 954
852 7 953
311 7 954
206 7 953
206 7 954
311 7 953
336 7 299
500 7 267
739 0 861
526 0 849
752 7 411
838 7 267
820 7 825
959 0 425
959 0 423
917 3 359
369 0 98
512 7 299
803 7 638
94 7 45
752 7 402
619 0 574
183 7 267
280 0 192
500 7 299
917 3 324
498 3 997
563 7 697
959 0 418
229 7 657
563 7 215
910 0 395
163 7 170
419 0 791
739 0 418
399 0 339
541 7 828
173 7 456
40 7 456
461 7 411
622 7 657
730 7 582
526 0 861
925 3 535
381 7 910
625 0 235
925 3 534
516 7 456
173 7 90
595 7 90
826 3 681
739 0 885
739 0 403
767 7 274
476 7 711
959 0 403
476 7 710
716 3 681
984 0 976
512 7 267
959 0 885
419 0 314
512 7 274
461 7 402
51 3 493
51 3 28
313 0 339
767 7 267
246 7 825
775 0 188
222 7 158
411 0 339
24 7 456
67 7 285
775 0 192
8 7 8
568 3 28
399 0 395
820 7 8
917 3 383
444 7 267
229 7 238
809 0 976
695 7 953
695 7 954
222 7 160
625 0 293
923 0 651
974 7 90
925 3 597
730 7 160
931 3 681
526 0 885
206 7 910
739 0 423
444 7 274
526 0 403
739 0 425
533 0 754
896 0 293
146 3 294
959 0 468
451 3 946
533 0 748
411 0 395
313 0 314
730 7 158
451 3 944
856 7 738
730 7 37
313 0 791
620 7 153
897 7 402
526 0 418
923 0 624
862 7 825
789 7 520
838 7 215
128 0 395
838 7 697
567 7 411
183 7 215
625 0 273
419 0 748
730 7 45
619 7 456
67 7 90
925 3 575
767 7 299
526 0 423
183 7 697
498 3 946
897 7 411
336 7 274
67 7 292
444 7 299
526 0 425
925 3 594
67 7 290
896 0 273
947 7 456
820 7 10
984 0 933
419 0 754
846 7 411
752 7 828
856 7 710
856 7 711
336 7 267
620 7 616
108 0 574
730 7 638
558 0 468
681 3 493
498 3 493
399 0 754
229 7 285
780 0 937
775 0 674
461 7 910
228 3 294
780 0 933
596 7 274
411 0 885
411 0 403
340 7 37
563 7 81
491 7 45
777 0 624
68 7 582
151 7 638
636 7 697
636 7 215
810 3 597
810 3 594
910 0 468
229 7 290
26 3 944
229 7 292
26 3 946
622 7 10
320 7 616
491 7 520
491 7 37
399 0 98
320 7 8
526 0 339
739 0 933
625 0 748
959 0 937
459 7 582
94 7 828
419 0 395
7 7 102
739 0 937
959 0 933
974 7 153
789 7 170
596 7 299
754 7 8
695 7 582
411 0 861
923 0 674
222 7 45
803 7 267
625 0 754
619 0 624
411 0 849
984 0 574
399 0 748
313 0 293
222 7 37
229 7 10
841 3 735
856 7 238
507 7 711
507 7 710
459 7 160
399 0 791
974 7 170
620 7 657
754 7 520
897 7 828
399 0 314
789 7 10
491 7 90
601 7 37
923 0 250
775 0 235
789 7 153
461 7 953
461 7 954
491 7 953
491 7 954
780 0 976
459 7 158
852 7 910
923 0 251
401 7 411
660 3 493
896 0 339
810 3 554
491 7 81
910 0 423
910 0 425
910 0 418
419 0 339
621 0 98
320 7 657
619 0 651
313 0 273
327 0 748
401 7 402
739 0 976
507 7 738
838 7 299
959 0 976
716 3 594
26 3 997
149 7 158
222 7 81
149 7 160
7 7 153
767 7 697
411 0 423
923 0 235
411 0 425
625 0 791
622 7 616
327 0 754
625 0 314
381 7 953
381 7 954
775 0 251
767 7 215
841 3 306
775 0 250
772 0 624
896 0 314
352 3 294
514 3 735
582 3 597
595 7 825
810 3 575
910 0 885
896 0 791
910 0 403
582 3 594
596 7 267
716 3 597
601 7 45
803 7 215
796 7 456
803 7 697
619 0 674
313 0 250
313 0 251
108 0 976
526 0 395
563 7 638
340 7 45
826 3 597
411 0 418
222 7 910
206 7 160
427 7 738
320 7 238
26 3 534
949 3 493
26 3 535
311 7 160
558 0 861
772 0 674
754 7 170
718 7 402
796 7 10
923 0 293
974 7 520
910 0 849
394 3 554
810 3 997
451 3 575
206 7 158
514 3 28
411 0 98
533 0 273
311 7 158
841 3 324
514 3 359
582 3 575
910 0 861
636 7 299
558 0 849
718 7 411
595 7 456
228 3 681
678 3 575
621 0 574
568 3 575
777 0 674
841 3 359
128 0 754
135 3 28
656 7 828
500 7 81
772 0 651
26 3 554
596 7 215
596 7 697
327 0 791
558 0 833
403 3 28
450 7 8
68 3 493
394 3 575
810 3 534
810 3 535
26 3 28
451 3 597
206 7 45
754 7 153
327 0 314
923 0 273
451 3 594
128 0 748
151 7 215
896 0 754
533 0 293
151 7 697
601 7 638
403 3 324
582 3 554
601 7 81
775 0 624
910 0 833
229 7 90
381 7 582
340 7 81
514 3 383
896 0 748
491 7 102
568 3 594
678 3 597
678 3 594
206 7 37
568 3 597
491 7 582
222 7 954
856 7 290
222 7 953
568 3 997
777 0 651
856 7 292
352 3 681
514 3 306
678 3 534
369 0 273
678 3 535
558 0 423
7 7 520
563 7 37
558 0 425
656 7 402
401 7 828
772 0 235
67 7 8
820 7 456
26 3 575
767 7 638
394 3 594
558 0 418
789 7 90
394 3 597
149 7 582
695 7 160
780 0 574
340 7 828
809 0 188
146 3 735
582 3 535
582 3 534
67 7 711
601 7 697
67 7 710
151 7 274
563 7 45
596 7 638
656 7 411
403 3 383
601 7 215
695 7 158
810 3 946
810 3 944
500 7 37
809 0 192
411 0 833
803 7 274
568 3 534
369 0 293
514 3 324
568 3 535
206 7 81
26 3 594
24 7 825
206 7 582
754 7 102
558 0 885
718 7 828
558 0 403
507 7 10
151 7 267
636 7 267
26 3 597
974 7 102
636 7 274
775 0 651
775 0 98
500 7 45
68 7 954
68 7 953
450 7 825
327 0 339
8 7 90
582 3 997
856 7 285
841 3 383
8 7 520
67 7 738
403 3 359
280 0 574
173 7 825
678 3 554
803 7 299
568 3 554
163 7 520
619 0 293
931 3 997
563 7 158
678 3 735
476 7 402
229 7 711
772 0 395
229 7 710
40 7 710
173 7 711
40 7 711
173 7 710
476 7 411
619 7 153
619 7 10
838 7 37
24 7 520
222 7 402
516 7 710
862 7 710
26 3 383
862 7 711
558 0 98
838 7 45
533 0 674
135 3 681
516 7 711
369 0 468
660 3 735
596 7 953
959 0 395
596 7 954
656 7 582
826 3 735
222 7 411
809 0 273
461 7 582
450 7 657
68 3 324
491 7 170
340 7 411
931 3 535
931 3 534
128 0 235
427 7 8
809 0 235
320 7 290
320 7 292
803 7 910
777 0 395
40 7 90
352 3 306
625 0 192
313 0 624
40 7 738
752 7 910
394 3 735
974 7 825
949 3 306
163 7 456
716 3 946
716 3 944
311 7 411
681 3 944
146 3 597
681 3 946
862 7 738
340 7 402
620 7 10
173 7 738
146 3 594
516 7 738
563 7 160
320 7 285
622 7 153
730 7 299
419 0 833
625 0 188
68 3 306
809 0 250
827 3 383
809 0 251
311 7 402
789 7 825
128 0 651
820 7 738
403 3 554
120 3 575
461 7 158
206 7 638
567 7 953
567 7 954
68 3 359
401 7 37
975 7 411
491 7 158
491 7 153
931 3 944
491 7 160
622 7 170
827 3 359
533 0 98
146 3 575
931 3 946
369 0 423
947 7 711
533 0 235
947 7 710
369 0 425
596 7 910
369 0 418
777 0 98
403 3 535
403 3 534
991 7 215
739 0 395
975 7 402
846 7 954
991 7 697
846 7 953
229 7 738
246 7 102
767 7 81
681 3 997
128 0 674
809 0 674
120 3 594
820 7 711
636 7 37
820 7 710
120 3 597
427 7 711
427 7 710
925 3 28
461 7 81
622 7 8
516 7 8
533 0 251
533 0 250
619 7 170
568 3 944
183 7 160
146 3 554
568 3 946
947 7 738
352 3 735
636 7 45
403 3 997
394 3 306
461 7 160
949 3 735
451 3 681
120 3 534
809 0 651
553 7 274
120 3 535
739 0 754
381 7 81
925 3 681
620 7 456
827 3 324
838 7 158
51 3 597
660 3 324
128 0 293
959 0 314
94 7 402
419 0 403
695 7 402
419 0 885
619 7 90
459 7 638
991 7 267
838 7 160
183 7 158
775 0 273
128 0 98
716 3 28
151 7 910
739 0 748
369 0 861
984 0 833
789 7 456
320 7 10
313 0 235
959 0 791
622 7 520
419 0 418
852 7 828
716 3 575
311 7 828
51 3 594
931 3 594
94 7 411
931 3 597
476 7 828
780 0 192
917 3 681
135 3 294
827 3 306
476 7 825
730 7 215
533 0 624
567 7 582
120 3 554
754 7 825
419 0 425
419 0 423
846 7 582
826 3 324
411 0 468
767 7 45
775 0 293
24 7 102
461 7 45
526 0 748
558 0 395
553 7 267
369 0 885
660 3 359
656 7 158
399 0 468
369 0 403
620 7 90
984 0 849
730 7 697
716 3 554
619 7 520
975 7 828
991 7 274
656 7 160
401 7 45
444 7 81
619 0 235
526 0 754
108 0 937
450 7 238
767 7 37
780 0 188
108 0 933
619 0 250
739 0 314
246 7 520
619 0 251
320 7 711
491 7 10
320 7 710
128 0 251
128 0 250
381 7 45
369 0 833
403 3 946
381 7 37
826 3 306
403 3 944
419 0 849
796 7 825
838 7 582
151 7 953
563 7 582
923 0 754
151 7 954
695 7 828
809 0 624
419 0 861
450 7 290
838 7 81
313 0 674
450 7 292
716 3 535
716 3 534
619 7 102
730 7 274
24 7 153
991 7 299
183 7 582
461 7 37
739 0 791
931 3 554
923 0 748
120 3 997
507 7 8
507 7 456
636 7 828
553 7 299
619 0 273
739 0 339
336 7 160
803 7 953
128 0 273
803 7 954
959 0 339
660 3 306
369 0 849
730 7 267
856 7 825
450 7 285
752 7 954
752 7 953
68 3 735
621 0 188
841 3 946
336 7 158
841 3 944
852 7 411
533 0 651
621 0 192
827 3 735
896 0 395
401 7 81
716 3 997
622 7 102
620 7 8
526 0 314
526 0 791
852 7 402
931 3 575
313 0 651
327 0 849
959 0 833
910 0 574
984 0 423
68 3 28
984 0 425
51 3 997
984 0 418
596 7 158
491 7 638
558 0 339
862 7 290
775 0 314
862 7 292
625 0 651
246 7 8
775 0 791
336 7 215
451 3 294
327 0 833
923 0 314
40 7 290
754 7 456
313 0 192
40 7 292
228 3 28
399 0 403
399 0 885
678 3 294
582 3 294
280 0 235
336 7 81
862 7 285
173 7 285
401 7 582
621 0 293
40 7 285
596 7 160
320 7 738
500 7 411
826 3 294
625 0 624
173 7 290
516 7 285
173 7 292
498 3 597
498 3 594
394 3 294
862 7 90
51 3 534
427 7 238
51 3 535
619 0 748
595 7 520
491 7 616
775 0 339
67 7 825
399 0 849
917 3 294
516 7 292
459 7 697
516 7 290
459 7 215
923 0 791
108 0 425
313 0 188
7 7 90
399 0 861
336 7 697
558 0 791
108 0 423
120 3 944
120 3 946
558 0 314
7 7 456
810 3 493
280 0 251
94 7 953
94 7 954
718 7 910
526 0 235
563 7 954
108 0 418
621 0 273
595 7 10
563 7 953
411 0 976
280 0 250
619 0 754
68 7 411
896 0 468
772 0 754
739 0 833
427 7 10
498 3 575
984 0 861
716 3 493
51 3 554
40 7 238
229 7 8
183 7 638
311 7 910
108 0 403
108 0 885
459 7 274
959 0 861
516 7 238
336 7 45
280 0 273
526 0 251
526 0 250
621 0 250
568 3 493
621 0 251
459 7 267
327 0 403
327 0 885
444 7 37
660 3 383
498 3 554
619 0 791
553 7 697
381 7 828
399 0 418
51 3 575
984 0 885
984 0 403
619 7 616
419 0 468
427 7 285
620 7 520
206 7 299
803 7 582
625 0 674
108 0 861
772 0 748
923 0 339
959 0 849
656 7 910
739 0 849
399 0 425
399 0 423
444 7 45
427 7 290
526 0 273
427 7 292
94 7 910
621 0 235
695 7 411
149 7 299
553 7 215
827 3 28
327 0 861
619 0 314
280 0 293
896 0 423
772 0 314
427 7 616
681 3 535
681 3 534
340 7 910
896 0 425
163 7 825
512 7 45
772 0 791
280 0 624
582 3 681
228 3 324
595 7 102
491 7 238
567 7 910
656 7 45
896 0 418
780 0 651
8 7 825
336 7 638
246 7 170
149 7 267
352 3 359
910 0 976
526 0 293
394 3 681
149 7 274
777 0 339
656 7 37
846 7 910
949 3 359
896 0 885
352 3 383
852 7 37
533 0 188
40 7 10
896 0 403
777 0 314
7 7 10
135 3 735
151 7 582
777 0 791
336 7 37
681 3 554
862 7 10
491 7 215
459 7 299
491 7 697
897 7 299
923 0 395
128 0 624
327 0 418
68 7 402
401 7 953
507 7 825
401 7 954
246 7 153
206 7 274
222 7 828
512 7 37
656 7 954
949 3 383
656 7 953
500 7 828
852 7 45
621 0 674
280 0 651
636 7 81
68 3 383
596 7 582
780 0 624
206 7 267
451 3 28
327 0 425
327 0 423
656 7 81
427 7 657
896 0 861
450 7 738
340 7 954
369 0 395
340 7 953
149 7 215
841 3 493
352 3 324
984 0 468
149 7 697
399 0 833
427 7 90
775 0 748
681 3 575
949 3 324
381 7 411
151 7 160
775 0 754
476 7 456
51 3 944
862 7 238
151 7 158
803 7 160
51 3 946
228 3 359
974 7 456
444 7 828
910 0 933
280 0 674
910 0 937
896 0 849
803 7 158
68 7 828
514 3 681
533 0 192
621 0 651
553 7 638
619 0 98
381 7 402
772 0 339
411 0 937
991 7 638
777 0 754
754 7 90
681 3 594
582 3 28
403 3 493
681 3 597
923 0 98
660 3 28
621 0 624
491 7 657
777 0 748
206 7 697
780 0 674
206 7 215
500 7 402
789 7 8
678 3 681
108 0 468
401 7 910
896 0 833
135 3 306
558 0 754
558 0 748
718 7 954
718 7 953
852 7 81
228 3 383
563 7 910
327 0 468
450 7 711
411 0 933
450 7 710
809 0 293
739 0 235
780 0 251
780 0 250
975 7 582
128 0 574
596 7 828
120 3 493
8 7 657
820 7 657
149 7 411
381 7 299
451 3 735
896 0 937
399 0 192
567 7 638
827 3 294
789 7 738
135 3 324
896 0 933
336 7 910
582 3 735
656 7 215
146 3 493
656 7 697
411 0 192
541 7 638
917 3 997
7 7 8
803 7 828
68 3 681
419 0 933
959 0 273
419 0 937
595 7 170
846 7 638
491 7 290
491 7 292
838 7 411
974 7 8
68 7 45
411 0 188
173 7 616
40 7 616
450 7 520
491 7 299
780 0 235
246 7 657
718 7 582
897 7 215
897 7 697
399 0 188
533 0 574
24 7 616
94 7 160
636 7 910
862 7 616
229 7 825
444 7 411
838 7 402
149 7 402
516 7 616
789 7 711
789 7 710
974 7 710
313 0 976
959 0 250
974 7 711
959 0 251
68 7 37
444 7 402
739 0 251
739 0 250
108 0 98
94 7 158
26 3 294
897 7 267
780 0 293
500 7 910
135 3 359
820 7 616
809 0 339
507 7 153
512 7 411
512 7 81
991 7 582
450 7 102
767 7 910
461 7 274
246 7 238
491 7 274
897 7 274
917 3 554
476 7 8
280 0 833
228 3 997
512 7 402
461 7 267
451 3 306
507 7 170
739 0 273
974 7 738
491 7 285
7 7 825
780 0 273
910 0 192
809 0 791
809 0 314
8 7 238
313 0 937
369 0 574
246 7 90
280 0 849
327 0 192
461 7 299
754 7 10
991 7 81
228 3 554
925 3 735
381 7 274
173 7 657
94 7 582
280 0 98
619 7 292
24 7 657
862 7 657
619 7 290
67 7 456
947 7 616
135 3 383
228 3 535
917 3 534
917 3 535
228 3 534
327 0 98
381 7 267
476 7 520
959 0 293
313 0 933
451 3 324
739 0 293
619 7 285
491 7 267
327 0 188
595 7 153
660 3 681
923 0 849
68 7 299
553 7 158
163 7 8
959 0 674
149 7 81
625 0 98
803 7 81
803 7 402
775 0 395
108 0 849
856 7 520
772 0 98
24 7 238
149 7 828
498 3 306
558 0 293
917 3 597
739 0 624
917 3 594
923 0 833
910 0 188
897 7 638
553 7 160
754 7 738
340 7 582
656 7 299
619 0 339
108 0 833
827 3 681
925 3 324
399 0 574
809 0 754
128 0 192
656 7 267
8 7 285
619 7 657
991 7 160
567 7 215
656 7 274
567 7 697
959 0 98
991 7 45
975 7 953
752 7 638
975 7 954
401 7 158
558 0 273
754 7 711
917 3 575
526 0 624
754 7 710
128 0 188
476 7 953
947 7 657
461 7 638
476 7 954
183 7 81
533 0 976
846 7 215
959 0 651
846 7 697
925 3 306
8 7 292
411 0 574
8 7 290
401 7 160
803 7 411
931 3 493
625 0 468
991 7 37
739 0 651
991 7 158
313 0 574
498 3 735
739 0 674
340 7 158
923 0 403
149 7 45
959 0 235
619 7 238
173 7 238
24 7 285
320 7 825
718 7 160
925 3 359
68 7 267
149 7 37
809 0 748
369 0 937
450 7 170
419 0 976
151 7 828
796 7 710
796 7 711
923 0 885
526 0 651
68 7 274
619 0 395
229 7 456
228 3 946
228 3 944
369 0 976
622 7 456
40 7 657
461 7 697
461 7 215
246 7 616
975 7 910
810 3 294
636 7 954
340 7 160
636 7 953
476 7 910
507 7 102
516 7 657
718 7 158
450 7 153
51 3 294
526 0 674
923 0 861
796 7 738
772 0 833
151 7 402
601 7 828
151 7 81
595 7 616
619 0 849
311 7 45
619 7 711
862 7 170
619 7 710
810 3 359
173 7 153
40 7 153
777 0 849
563 7 828
777 0 861
401 7 697
401 7 215
514 3 997
660 3 294
40 7 170
772 0 849
984 0 791
516 7 153
925 3 294
984 0 314
427 7 102
947 7 238
507 7 520
596 7 81
320 7 90
311 7 37
526 0 574
752 7 37
841 3 997
108 0 314
777 0 833
923 0 425
108 0 791
173 7 170
567 7 81
910 0 674
399 0 976
369 0 933
582 3 383
810 3 383
491 7 738
975 7 45
767 7 411
619 0 861
411 0 624
678 3 28
516 7 170
514 3 534
923 0 418
625 0 976
327 0 933
514 3 535
327 0 937
558 0 674
984 0 339
975 7 37
24 7 170
775 0 468
313 0 98
896 0 98
923 0 423
796 7 657
622 7 825
336 7 582
621 0 395
841 3 535
752 7 582
841 3 534
568 3 359
516 7 102
947 7 285
514 3 944
514 3 946
311 7 81
949 3 294
810 3 324
910 0 651
567 7 160
636 7 402
419 0 574
959 0 754
541 7 299
567 7 158
26 3 735
681 3 294
491 7 710
491 7 711
51 3 681
619 0 885
625 0 574
476 7 170
947 7 290
619 0 403
678 3 383
947 7 292
558 0 250
826 3 383
772 0 403
558 0 251
500 7 582
959 0 748
636 7 411
984 0 754
716 3 383
846 7 160
896 0 574
772 0 885
752 7 45
280 0 395
984 0 748
619 0 418
846 7 158
810 3 306
427 7 153
411 0 674
596 7 45
856 7 456
108 0 754
991 7 910
841 3 554
923 0 468
563 7 411
619 7 738
910 0 624
533 0 937
567 7 45
820 7 285
619 0 423
596 7 37
568 3 383
108 0 748
619 0 425
553 7 582
327 0 976
151 7 411
582 3 359
401 7 638
563 7 402
558 0 235
498 3 681
533 0 933
730 7 402
772 0 861
716 3 359
567 7 37
427 7 170
730 7 411
411 0 651
820 7 292
820 7 290
826 3 359
128 0 976
526 0 98
500 7 953
500 7 954
841 3 575
246 7 285
403 3 597
838 7 953
582 3 324
280 0 748
67 7 520
838 7 954
403 3 594
775 0 833
183 7 953
183 7 954
163 7 710
163 7 711
327 0 574
514 3 594
514 3 597
568 3 324
146 3 535
146 3 534
852 7 274
984 0 395
777 0 468
246 7 290
601 7 411
280 0 754
246 7 292
7 7 710
7 7 711
621 0 339
394 3 324
26 3 306
752 7 81
553 7 953
796 7 238
553 7 954
975 7 160
991 7 954
320 7 456
841 3 597
108 0 395
582 3 306
772 0 418
841 3 594
678 3 359
8 7 711
403 3 575
8 7 710
820 7 238
897 7 37
601 7 402
775 0 849
984 0 98
476 7 153
541 7 274
451 3 359
476 7 158
780 0 754
444 7 910
975 7 158
553 7 45
146 3 997
526 0 188
352 3 493
852 7 299
7 7 738
772 0 425
512 7 828
26 3 324
427 7 520
718 7 638
772 0 423
621 0 314
775 0 861
780 0 748
526 0 192
595 7 238
541 7 267
553 7 37
767 7 828
476 7 160
991 7 953
621 0 791
862 7 102
450 7 616
151 7 45
8 7 738
595 7 657
498 3 294
838 7 910
24 7 8
183 7 910
541 7 215
949 3 681
780 0 339
541 7 697
228 3 493
394 3 359
151 7 37
514 3 554
620 7 825
796 7 285
777 0 425
336 7 953
336 7 954
730 7 828
777 0 423
896 0 976
280 0 314
163 7 738
681 3 681
419 0 188
558 0 651
897 7 45
280 0 791
596 7 402
476 7 582
775 0 403
476 7 102
775 0 885
777 0 418
767 7 402
451 3 383
796 7 8
780 0 791
146 3 946
809 0 395
553 7 81
419 0 192
26 3 359
399 0 933
796 7 290
975 7 81
752 7 160
796 7 292
596 7 411
246 7 10
810 3 735
68 3 294
678 3 324
780 0 314
862 7 153
444 7 954
444 7 953
68 7 81
514 3 575
625 0 933
772 0 468
568 3 306
777 0 403
752 7 158
625 0 937
678 3 306
777 0 885
656 7 638
595 7 8
280 0 339
621 0 748
775 0 418
394 3 383
775 0 425
621 0 754
558 0 624
775 0 423
399 0 937
128 0 937
619 0 833
128 0 933
108 0 339
146 3 944
222 7 638
369 0 235
841 3 294
394 3 28
512 7 582
313 0 885
313 0 403
327 0 293
975 7 697
68 3 554
975 7 215
695 7 81
789 7 616
777 0 188
621 0 849
381 7 160
476 7 657
352 3 997
862 7 8
403 3 735
897 7 81
595 7 290
595 7 292
991 7 411
949 3 997
716 3 735
369 0 250
459 7 81
568 3 735
369 0 251
678 3 997
533 0 468
313 0 861
327 0 273
399 0 293
68 3 535
476 7 81
206 7 411
620 7 285
852 7 215
94 7 267
917 3 28
68 3 534
852 7 697
128 0 468
146 3 359
24 7 738
352 3 534
120 3 383
856 7 90
660 3 997
280 0 933
313 0 849
352 3 535
151 7 299
280 0 937
820 7 520
411 0 293
620 7 292
949 3 534
620 7 290
621 0 833
94 7 274
340 7 638
949 3 535
897 7 582
681 3 735
146 3 324
984 0 188
369 0 674
68 3 594
846 7 37
826 3 944
772 0 192
403 3 306
826 3 946
394 3 997
163 7 238
68 3 597
128 0 403
827 3 597
897 7 158
827 3 594
128 0 885
809 0 468
507 7 285
541 7 953
541 7 954
8 7 102
476 7 616
541 7 81
229 7 520
120 3 324
718 7 215
94 7 215
949 3 28
718 7 697
459 7 828
313 0 833
507 7 292
507 7 290
846 7 45
476 7 90
450 7 456
974 7 616
553 7 910
959 0 192
897 7 160
222 7 697
459 7 37
206 7 402
984 0 192
862 7 520
173 7 520
94 7 697
222 7 215
852 7 267
146 3 306
931 3 735
780 0 395
340 7 697
120 3 359
526 0 937
507 7 90
526 0 933
340 7 215
67 7 102
135 3 493
660 3 946
149 7 954
149 7 953
660 3 944
975 7 638
381 7 158
959 0 188
775 0 933
394 3 534
459 7 45
394 3 535
68 3 575
595 7 285
311 7 215
739 0 188
311 7 697
128 0 425
827 3 575
128 0 423
678 3 946
678 3 944
601 7 158
772 0 188
280 0 976
476 7 638
775 0 937
601 7 160
128 0 418
399 0 235
507 7 238
767 7 160
931 3 359
444 7 582
826 3 594
910 0 293
947 7 520
541 7 37
695 7 638
419 0 651
558 0 188
809 0 418
51 3 359
7 7 292
716 3 324
767 7 158
246 7 710
856 7 8
246 7 711
7 7 290
809 0 423
541 7 45
660 3 575
827 3 554
809 0 425
541 7 910
369 0 624
533 0 833
24 7 90
622 7 90
754 7 616
846 7 81
8 7 153
856 7 657
7 7 285
411 0 235
826 3 575
526 0 976
910 0 273
163 7 290
533 0 861
369 0 651
512 7 158
419 0 674
352 3 944
149 7 910
352 3 946
313 0 468
512 7 160
51 3 383
516 7 90
163 7 292
949 3 946
931 3 383
949 3 944
222 7 267
619 0 468
401 7 299
716 3 306
660 3 594
625 0 339
923 0 937
120 3 306
809 0 885
827 3 534
68 3 946
660 3 597
827 3 535
636 7 638
923 0 933
500 7 160
809 0 403
498 3 28
533 0 849
163 7 285
695 7 37
896 0 192
206 7 828
8 7 170
222 7 274
68 3 944
173 7 102
40 7 102
500 7 158
826 3 554
120 3 735
40 7 8
910 0 250
910 0 251
399 0 273
533 0 885
896 0 188
340 7 274
533 0 403
695 7 45
852 7 638
68 3 997
401 7 274
311 7 638
931 3 324
67 7 153
476 7 10
931 3 306
340 7 267
827 3 997
809 0 861
444 7 158
925 3 493
660 3 535
660 3 534
789 7 657
411 0 273
856 7 616
419 0 98
826 3 534
222 7 299
826 3 535
718 7 299
401 7 267
40 7 520
68 7 158
516 7 520
476 7 45
340 7 299
620 7 238
399 0 251
399 0 250
947 7 102
777 0 192
313 0 418
533 0 423
809 0 833
146 3 383
910 0 235
533 0 425
444 7 160
352 3 28
313 0 423
533 0 418
718 7 267
313 0 425
419 0 624
459 7 411
625 0 395
246 7 738
660 3 554
67 7 170
923 0 976
917 3 493
558 0 192
68 7 160
809 0 849
229 7 102
476 7 37
411 0 250
411 0 251
959 0 574
94 7 638
394 3 944
826 3 997
459 7 402
739 0 574
796 7 616
394 3 946
718 7 274
68 7 697
620 7 738
68 7 215
625 0 403
809 0 98
777 0 976
752 7 267
419 0 251
809 0 933
280 0 468
419 0 250
716 3 294
809 0 937
427 7 456
595 7 738
923 0 574
796 7 520
897 7 910
896 0 250
896 0 251
984 0 674
498 3 383
619 7 825
558 0 574
910 0 339
636 7 582
491 7 402
229 7 170
568 3 294
411 0 754
619 0 976
625 0 885
507 7 657
772 0 933
108 0 674
403 3 294
498 3 359
620 7 711
772 0 937
553 7 411
910 0 791
620 7 710
925 3 383
419 0 273
827 3 946
827 3 944
910 0 314
826 3 28
789 7 292
789 7 290
24 7 10
553 7 402
381 7 638
775 0 574
526 0 468
856 7 102
183 7 411
780 0 98
411 0 748
516 7 10
163 7 90
896 0 235
810 3 28
681 3 383
399 0 624
601 7 910
974 7 285
120 3 28
695 7 215
24 7 290
229 7 153
695 7 697
183 7 402
789 7 285
24 7 292
846 7 299
173 7 8
450 7 90
625 0 861
974 7 10
399 0 674
974 7 290
108 0 651
974 7 292
984 0 624
461 7 828
491 7 828
810 3 681
622 7 710
476 7 299
622 7 711
327 0 651
476 7 290
752 7 215
476 7 292
947 7 170
803 7 45
51 3 306
754 7 657
947 7 153
752 7 697
897 7 954
897 7 953
959 0 624
7 7 238
567 7 299
582 3 493
780 0 849
411 0 791
846 7 274
777 0 933
411 0 314
313 0 395
500 7 215
777 0 937
541 7 160
678 3 493
500 7 697
772 0 976
826 3 493
327 0 624
399 0 651
625 0 425
336 7 402
507 7 616
767 7 582
910 0 754
621 0 468
910 0 748
846 7 267
780 0 833
622 7 738
108 0 624
336 7 411
896 0 674
320 7 520
803 7 37
183 7 45
498 3 324
984 0 651
796 7 102
625 0 418
135 3 944
789 7 238
601 7 954
51 3 324
567 7 274
601 7 953
419 0 235
491 7 825
567 7 267
931 3 294
595 7 711
595 7 710
820 7 170
183 7 37
625 0 423
777 0 574
369 0 192
931 3 28
108 0 293
852 7 160
183 7 828
730 7 910
553 7 828
228 3 575
754 7 290
381 7 697
280 0 861
780 0 418
558 0 976
718 7 81
975 7 299
135 3 946
568 3 681
128 0 849
767 7 954
767 7 953
754 7 292
852 7 158
381 7 215
984 0 273
320 7 102
352 3 594
369 0 188
533 0 395
311 7 274
352 3 597
841 3 681
896 0 651
619 7 8
838 7 828
949 3 597
820 7 153
476 7 267
739 0 192
974 7 657
949 3 594
780 0 403
780 0 885
311 7 267
280 0 403
512 7 954
512 7 953
108 0 273
621 0 418
775 0 976
621 0 423
476 7 274
228 3 597
491 7 456
228 3 594
280 0 885
621 0 425
163 7 10
541 7 158
514 3 493
327 0 674
68 7 638
947 7 90
984 0 293
862 7 456
681 3 306
7 7 616
856 7 10
26 3 681
975 7 274
991 7 828
128 0 861
280 0 418
403 3 681
476 7 285
450 7 10
695 7 299
67 7 657
975 7 267
754 7 285
780 0 861
856 7 170
796 7 153
8 7 616
625 0 849
135 3 997
896 0 624
280 0 425
419 0 293
108 0 251
108 0 250
336 7 828
917 3 946
917 3 944
320 7 153
730 7 953
730 7 954
621 0 885
718 7 45
327 0 251
280 0 423
621 0 403
327 0 250
476 7 697
120 3 294
451 3 493
24 7 711
625 0 833
752 7 299
352 3 554
984 0 235
163 7 616
476 7 215
681 3 324
820 7 102
619 0 937
949 3 554
695 7 274
601 7 582
619 0 933
94 7 299
24 7 710
128 0 833
108 0 235
51 3 735
681 3 359
135 3 534
135 3 535
856 7 153
512 7 910
796 7 170
394 3 493
772 0 574
923 0 192
621 0 861
695 7 267
163 7 657
491 7 411
991 7 402
327 0 235
752 7 274
984 0 251
311 7 299
984 0 250
754 7 238
352 3 575
476 7 238
636 7 158
7 7 657
718 7 37
541 7 582
949 3 575
67 7 616
974 7 238
636 7 160
500 7 638
780 0 425
780 0 423
947 7 8
923 0 188
--------------------------------------
563 7 274
26 3 493
135 3 554
777 0 293
796 7 90
141 2 429
772 0 273
516 7 825
601 7 267
512 7 697
512 7 215
695 7 910
846 7 402
622 7 238
601 7 274
541 7 411
459 7 910
498 3 944
739 0 468
619 0 188
563 7 267
533 0 791
533 0 314
313 0 748
67 7 238
739 0 98
444 2 379
245 2 764
567 7 402
313 0 754
541 7 402
621 0 976
762 2 849
146 3 28
582 3 946
135 3 575
619 0 192
563 7 299
149 7 638
852 7 582
582 3 944
621 0 937
772 0 251
320 7 170
947 7 825
730 7 81
777 0 273
947 7 10
772 0 250
327 0 395
451 3 997
982 2 873
68 7 910
804 2 179
444 7 638
77 2 254
173 7 10
228 3 735
762 2 873
533 0 339
917 3 735
925 3 946
681 3 28
491 7 8
925 3 944
620 7 170
780 0 468
128 0 339
809 0 574
135 3 597
982 2 849
369 0 791
8 7 456
146 3 681
838 7 638
917 3 306
777 0 250
135 3 594
777 0 251
369 0 314
622 7 285
558 0 937
444 2 319
558 0 933
451 3 535
451 3 534
925 3 997
827 3 493
424 2 65
459 7 954
459 7 953
427 7 825
841 3 28
622 7 290
120 3 681
601 7 299
622 7 292
476 7 738
245 2 319
621 0 933
424 2 70
94 7 81
163 7 102
777 0 235
128 0 314
512 7 638
229 7 616
311 7 582
128 0 791
228 3 306
369 0 339
108 0 192
772 0 293
846 7 828
451 3 554
222 7 582
514 3 294
246 7 456
183 7 299
77 2 292
208 2 379
67 7 10
208 2 398
910 0 98
444 7 697
108 0 188
820 7 90
40 7 825
567 7 828
8 7 10
838 7 274
498 3 535
498 3 534
526 0 833
500 7 274
789 7 102
94 7 37
444 2 764
245 2 379
369 0 754
7 7 170
280 0 188
369 0 748
984 0 937
163 7 153
625 0 251
625 0 250
491 7 910
620 7 102
183 7 274
444 7 215
925 3 554
852 7 954
852 7 953
311 7 954
206 7 953
206 7 954
311 7 953
804 2 596
336 7 299
500 7 267
739 0 861
526 0 849
752 7 411
838 7 267
820 7 825
959 0 425
959 0 423
917 3 359
369 0 98
512 7 299
803 7 638
94 7 45
752 7 402
619 0 574
183 7 267
280 0 192
208 2 764
500 7 299
917 3 324
498 3 997
563 7 697
959 0 418
229 7 657
563 7 215
910 0 395
245 2 398
163 7 170
419 0 791
739 0 418
399 0 339
541 7 828
444 2 744
173 7 456
40 7 456
777 2 718
461 7 411
571 2 179
622 7 657
730 7 582
526 0 861
925 3 535
381 7 910
625 0 235
925 3 534
516 7 456
173 7 90
595 7 90
826 3 681
739 0 885
739 0 403
767 7 274
476 7 711
959 0 403
476 7 710
716 3 681
984 0 976
512 7 267
959 0 885
419 0 314
444 2 749
512 7 274
461 7 402
51 3 493
51 3 28
313 0 339
208 2 749
767 7 267
246 7 825
775 0 188
222 7 158
411 0 339
208 2 744
24 7 456
67 7 285
775 0 192
8 7 8
568 3 28
399 0 395
820 7 8
917 3 383
444 7 267
229 7 238
809 0 976
695 7 953
695 7 954
571 2 65
222 7 160
625 0 293
444 2 718
923 0 651
974 7 90
925 3 597
208 2 319
730 7 160
931 3 681
526 0 885
206 7 910
739 0 423
444 7 274
526 0 403
739 0 425
533 0 754
896 0 293
146 3 294
959 0 468
451 3 946
533 0 748
411 0 395
313 0 314
730 7 158
451 3 944
424 2 209
856 7 738
571 2 70
730 7 37
313 0 791
620 7 153
897 7 402
526 0 418
982 2 429
923 0 624
862 7 825
789 7 520
838 7 215
128 0 395
838 7 697
470 2 179
567 7 411
183 7 215
625 0 273
419 0 748
730 7 45
619 7 456
67 7 90
925 3 575
767 7 299
526 0 423
183 7 697
498 3 946
897 7 411
336 7 274
67 7 292
444 7 299
526 0 425
925 3 594
67 7 290
896 0 273
947 7 456
820 7 10
984 0 933
419 0 754
846 7 411
752 7 828
571 2 98
762 2 429
856 7 710
856 7 711
336 7 267
620 7 616
108 0 574
730 7 638
558 0 468
681 3 493
498 3 493
399 0 754
229 7 285
780 0 937
775 0 674
461 7 910
228 3 294
780 0 933
596 7 274
411 0 885
411 0 403
340 7 37
563 7 81
491 7 45
777 0 624
68 7 582
151 7 638
77 2 98
636 7 697
424 2 254
636 7 215
810 3 597
810 3 594
910 0 468
777 2 209
77 2 718
229 7 290
26 3 944
229 7 292
26 3 946
622 7 10
320 7 616
491 7 520
491 7 37
571 2 209
399 0 98
320 7 8
526 0 339
739 0 933
625 0 748
959 0 937
459 7 582
94 7 828
419 0 395
7 7 102
739 0 937
959 0 933
974 7 153
789 7 170
596 7 299
754 7 8
695 7 582
411 0 861
923 0 674
222 7 45
803 7 267
625 0 754
619 0 624
411 0 849
984 0 574
399 0 748
313 0 293
222 7 37
229 7 10
841 3 735
856 7 238
507 7 711
507 7 710
459 7 160
399 0 791
974 7 170
620 7 657
754 7 520
897 7 828
77 2 744
77 2 749
470 2 596
399 0 314
789 7 10
491 7 90
601 7 37
923 0 250
775 0 235
789 7 153
208 2 718
461 7 953
461 7 954
491 7 953
491 7 954
780 0 976
459 7 158
852 7 910
923 0 251
401 7 411
660 3 493
424 2 292
896 0 339
810 3 554
491 7 81
910 0 423
910 0 425
762 2 379
910 0 418
804 2 209
419 0 339
621 0 98
320 7 657
619 0 651
313 0 273
327 0 748
401 7 402
739 0 976
507 7 738
838 7 299
959 0 976
716 3 594
26 3 997
149 7 158
222 7 81
149 7 160
7 7 153
571 2 254
982 2 398
767 7 697
411 0 423
923 0 235
411 0 425
625 0 791
622 7 616
327 0 754
625 0 314
381 7 953
381 7 954
775 0 251
767 7 215
841 3 306
874 2 596
775 0 250
772 0 624
896 0 314
352 3 294
762 2 398
514 3 735
582 3 597
595 7 825
810 3 575
910 0 885
896 0 791
910 0 403
582 3 594
596 7 267
716 3 597
601 7 45
803 7 215
796 7 456
803 7 697
619 0 674
313 0 250
313 0 251
108 0 976
526 0 395
563 7 638
340 7 45
826 3 597
411 0 418
222 7 910
206 7 160
427 7 738
320 7 238
26 3 534
949 3 493
26 3 535
311 7 160
558 0 861
772 0 674
754 7 170
718 7 402
796 7 10
923 0 293
974 7 520
910 0 849
394 3 554
810 3 997
451 3 575
206 7 158
514 3 28
411 0 98
533 0 273
311 7 158
841 3 324
777 2 292
514 3 359
582 3 575
910 0 861
636 7 299
77 2 319
558 0 849
718 7 411
595 7 456
228 3 681
678 3 575
621 0 574
568 3 575
777 0 674
841 3 359
128 0 754
135 3 28
656 7 828
500 7 81
77 2 764
772 0 651
444 2 65
26 3 554
596 7 215
596 7 697
327 0 791
558 0 833
403 3 28
450 7 8
68 3 493
394 3 575
810 3 534
810 3 535
26 3 28
451 3 597
206 7 45
754 7 153
327 0 314
923 0 273
451 3 594
128 0 748
151 7 215
896 0 754
533 0 293
151 7 697
601 7 638
444 2 70
403 3 324
582 3 554
601 7 81
775 0 624
910 0 833
229 7 90
381 7 582
340 7 81
514 3 383
896 0 748
491 7 102
568 3 594
678 3 597
678 3 594
206 7 37
568 3 597
424 2 98
491 7 582
222 7 954
856 7 290
222 7 953
568 3 997
777 0 651
856 7 292
352 3 681
514 3 306
678 3 534
77 2 65
369 0 273
678 3 535
558 0 423
7 7 520
563 7 37
558 0 425
656 7 402
401 7 828
772 0 235
67 7 8
820 7 456
26 3 575
767 7 638
245 2 849
394 3 594
558 0 418
789 7 90
394 3 597
149 7 582
695 7 160
874 2 179
780 0 574
340 7 828
809 0 188
146 3 735
444 2 292
582 3 535
582 3 534
67 7 711
601 7 697
67 7 710
151 7 274
563 7 45
596 7 638
777 2 254
656 7 411
403 3 383
601 7 215
444 2 98
695 7 158
810 3 946
810 3 944
500 7 37
809 0 192
411 0 833
803 7 274
568 3 534
369 0 293
514 3 324
568 3 535
206 7 81
26 3 594
24 7 825
206 7 582
754 7 102
558 0 885
718 7 828
245 2 873
558 0 403
507 7 10
151 7 267
636 7 267
26 3 597
974 7 102
636 7 274
775 0 651
775 0 98
500 7 45
68 7 954
68 7 953
450 7 825
327 0 339
8 7 90
582 3 997
856 7 285
841 3 383
8 7 520
77 2 70
67 7 738
403 3 359
280 0 574
173 7 825
678 3 554
803 7 299
568 3 554
163 7 520
619 0 293
470 2 718
931 3 997
563 7 158
678 3 735
476 7 402
229 7 711
772 0 395
229 7 710
40 7 710
173 7 711
40 7 711
173 7 710
476 7 411
619 7 153
619 7 10
838 7 37
24 7 520
222 7 402
516 7 710
862 7 710
26 3 383
862 7 711
444 2 254
558 0 98
838 7 45
77 2 398
141 2 319
533 0 674
135 3 681
516 7 711
369 0 468
660 3 735
596 7 953
959 0 395
596 7 954
656 7 582
826 3 735
222 7 411
809 0 273
461 7 582
450 7 657
68 3 324
491 7 170
340 7 411
931 3 535
931 3 534
128 0 235
427 7 8
809 0 235
141 2 764
320 7 290
320 7 292
803 7 910
777 0 395
40 7 90
352 3 306
625 0 192
313 0 624
40 7 738
752 7 910
394 3 735
974 7 825
949 3 306
163 7 456
716 3 946
716 3 944
311 7 411
681 3 944
77 2 379
146 3 597
681 3 946
862 7 738
340 7 402
620 7 10
173 7 738
146 3 594
516 7 738
563 7 160
320 7 285
622 7 153
730 7 299
419 0 833
625 0 188
68 3 306
809 0 250
827 3 383
809 0 251
311 7 402
789 7 825
128 0 651
820 7 738
403 3 554
120 3 575
245 2 209
461 7 158
206 7 638
567 7 953
424 2 718
567 7 954
68 3 359
401 7 37
975 7 411
491 7 158
491 7 153
931 3 944
491 7 160
622 7 170
827 3 359
533 0 98
146 3 575
931 3 946
369 0 423
947 7 711
533 0 235
947 7 710
369 0 425
596 7 910
369 0 418
777 0 98
444 2 209
403 3 535
403 3 534
874 2 98
991 7 215
739 0 395
975 7 402
846 7 954
991 7 697
846 7 953
229 7 738
246 7 102
767 7 81
681 3 997
128 0 674
809 0 674
120 3 594
820 7 711
636 7 37
820 7 710
120 3 597
427 7 711
427 7 710
424 2 744
925 3 28
461 7 81
874 2 65
622 7 8
516 7 8
533 0 251
533 0 250
619 7 170
568 3 944
183 7 160
146 3 554
568 3 946
947 7 738
352 3 735
636 7 45
403 3 997
424 2 749
394 3 306
461 7 160
949 3 735
874 2 70
451 3 681
120 3 534
809 0 651
553 7 274
120 3 535
739 0 754
381 7 81
925 3 681
620 7 456
245 2 254
827 3 324
838 7 158
51 3 597
660 3 324
128 0 293
424 2 764
959 0 314
94 7 402
419 0 403
695 7 402
419 0 885
619 7 90
459 7 638
991 7 267
838 7 160
183 7 158
775 0 273
208 2 873
804 2 254
141 2 398
128 0 98
716 3 28
151 7 910
739 0 748
369 0 861
984 0 833
789 7 456
320 7 10
777 2 849
313 0 235
959 0 791
622 7 520
419 0 418
852 7 828
716 3 575
311 7 828
51 3 594
931 3 594
94 7 411
931 3 597
476 7 828
780 0 192
917 3 681
135 3 294
827 3 306
476 7 825
470 2 70
730 7 215
533 0 624
567 7 582
120 3 554
754 7 825
419 0 425
419 0 423
982 2 596
470 2 65
846 7 582
826 3 324
411 0 468
767 7 45
775 0 293
24 7 102
461 7 45
526 0 748
558 0 395
762 2 596
553 7 267
141 2 379
369 0 885
660 3 359
656 7 158
399 0 468
369 0 403
620 7 90
984 0 849
730 7 697
716 3 554
619 7 520
975 7 828
991 7 274
656 7 160
401 7 45
444 7 81
619 0 235
526 0 754
108 0 937
450 7 238
767 7 37
780 0 188
108 0 933
245 2 292
619 0 250
739 0 314
246 7 520
619 0 251
320 7 711
491 7 10
320 7 710
128 0 251
128 0 250
381 7 45
369 0 833
403 3 946
381 7 37
424 2 319
826 3 306
403 3 944
419 0 849
796 7 825
838 7 582
151 7 953
563 7 582
923 0 754
151 7 954
804 2 292
695 7 828
809 0 624
419 0 861
450 7 290
838 7 81
313 0 674
450 7 292
716 3 535
716 3 534
619 7 102
730 7 274
24 7 153
991 7 299
183 7 582
461 7 37
739 0 791
931 3 554
923 0 748
120 3 997
507 7 8
507 7 456
636 7 828
553 7 299
619 0 273
739 0 339
336 7 160
803 7 953
128 0 273
803 7 954
959 0 339
660 3 306
369 0 849
730 7 267
856 7 825
450 7 285
470 2 292
752 7 954
752 7 953
68 3 735
621 0 188
841 3 946
336 7 158
841 3 944
852 7 411
533 0 651
621 0 192
827 3 735
896 0 395
401 7 81
716 3 997
622 7 102
620 7 8
208 2 429
526 0 314
526 0 791
852 7 402
931 3 575
313 0 651
327 0 849
959 0 833
910 0 574
984 0 423
68 3 28
984 0 425
51 3 997
984 0 418
596 7 158
491 7 638
558 0 339
862 7 290
775 0 314
862 7 292
625 0 651
246 7 8
775 0 791
336 7 215
451 3 294
874 2 254
327 0 833
923 0 314
40 7 290
754 7 456
313 0 192
40 7 292
228 3 28
399 0 403
424 2 379
399 0 885
678 3 294
582 3 294
280 0 235
336 7 81
982 2 70
862 7 285
173 7 285
401 7 582
621 0 293
40 7 285
596 7 160
804 2 764
320 7 738
500 7 411
826 3 294
625 0 624
173 7 290
516 7 285
173 7 292
498 3 597
498 3 594
394 3 294
862 7 90
51 3 534
470 2 254
427 7 238
51 3 535
619 0 748
595 7 520
491 7 616
777 2 319
775 0 339
67 7 825
399 0 849
917 3 294
516 7 292
459 7 697
516 7 290
459 7 215
923 0 791
108 0 425
313 0 188
7 7 90
399 0 861
336 7 697
558 0 791
108 0 423
120 3 944
120 3 946
424 2 398
141 2 98
558 0 314
7 7 456
810 3 493
280 0 251
94 7 953
94 7 954
804 2 749
718 7 910
982 2 98
526 0 235
563 7 954
108 0 418
621 0 273
595 7 10
563 7 953
804 2 744
411 0 976
280 0 250
619 0 754
68 7 411
896 0 468
772 0 754
739 0 833
427 7 10
874 2 209
498 3 575
984 0 861
716 3 493
51 3 554
40 7 238
229 7 8
183 7 638
571 2 596
804 2 319
311 7 910
108 0 403
108 0 885
77 2 873
459 7 274
959 0 861
516 7 238
336 7 45
280 0 273
526 0 251
526 0 250
208 2 849
621 0 250
568 3 493
621 0 251
459 7 267
327 0 403
327 0 885
444 7 37
660 3 383
498 3 554
619 0 791
553 7 697
381 7 828
777 2 764
399 0 418
51 3 575
984 0 885
984 0 403
619 7 616
77 2 849
419 0 468
427 7 285
982 2 65
620 7 520
206 7 299
803 7 582
625 0 674
108 0 861
772 0 748
923 0 339
959 0 849
656 7 910
739 0 849
399 0 425
399 0 423
444 7 45
427 7 290
526 0 273
427 7 292
94 7 910
621 0 235
695 7 411
777 2 749
149 7 299
777 2 744
553 7 215
827 3 28
327 0 861
619 0 314
280 0 293
896 0 423
772 0 314
427 7 616
681 3 535
681 3 534
340 7 910
896 0 425
163 7 825
512 7 45
772 0 791
280 0 624
582 3 681
228 3 324
77 2 429
595 7 102
491 7 238
567 7 910
656 7 45
896 0 418
780 0 651
8 7 825
470 2 209
336 7 638
246 7 170
149 7 267
352 3 359
910 0 976
526 0 293
394 3 681
149 7 274
777 0 339
656 7 37
846 7 910
949 3 359
896 0 885
352 3 383
852 7 37
533 0 188
40 7 10
896 0 403
777 0 314
7 7 10
135 3 735
151 7 582
777 0 791
336 7 37
681 3 554
862 7 10
491 7 215
459 7 299
491 7 697
897 7 299
923 0 395
128 0 624
327 0 418
68 7 402
401 7 953
507 7 825
401 7 954
246 7 153
206 7 274
222 7 828
512 7 37
656 7 954
949 3 383
656 7 953
500 7 828
777 2 398
852 7 45
621 0 674
280 0 651
636 7 81
68 3 383
596 7 582
780 0 624
206 7 267
451 3 28
327 0 425
327 0 423
656 7 81
427 7 657
896 0 861
450 7 738
340 7 954
369 0 395
340 7 953
149 7 215
841 3 493
352 3 324
984 0 468
149 7 697
399 0 833
427 7 90
775 0 748
681 3 575
949 3 324
381 7 411
804 2 718
151 7 160
874 2 292
775 0 754
476 7 456
51 3 944
862 7 238
151 7 158
803 7 160
51 3 946
141 2 873
777 2 379
444 2 179
228 3 359
974 7 456
444 7 828
910 0 933
245 2 718
280 0 674
910 0 937
896 0 849
803 7 158
68 7 828
514 3 681
533 0 192
621 0 651
553 7 638
619 0 98
381 7 402
772 0 339
411 0 937
991 7 638
777 0 754
754 7 90
681 3 594
582 3 28
403 3 493
681 3 597
923 0 98
141 2 849
660 3 28
245 2 749
621 0 624
491 7 657
777 0 748
206 7 697
780 0 674
206 7 215
500 7 402
789 7 8
678 3 681
108 0 468
401 7 910
896 0 833
135 3 306
558 0 754
245 2 744
558 0 748
718 7 954
718 7 953
852 7 81
228 3 383
563 7 910
327 0 468
450 7 711
411 0 933
450 7 710
809 0 293
739 0 235
780 0 251
780 0 250
975 7 582
128 0 574
596 7 828
120 3 493
8 7 657
820 7 657
149 7 411
381 7 299
451 3 735
896 0 937
399 0 192
567 7 638
827 3 294
789 7 738
470 2 849
135 3 324
896 0 933
336 7 910
582 3 735
656 7 215
146 3 493
656 7 697
411 0 192
541 7 638
917 3 997
7 7 8
803 7 828
68 3 681
804 2 98
419 0 933
959 0 273
419 0 937
595 7 170
846 7 638
491 7 290
491 7 292
838 7 411
974 7 8
68 7 45
411 0 188
173 7 616
40 7 616
450 7 520
491 7 299
780 0 235
246 7 657
718 7 582
897 7 215
208 2 596
897 7 697
399 0 188
533 0 574
24 7 616
94 7 160
636 7 910
862 7 616
229 7 825
444 7 411
838 7 402
149 7 402
516 7 616
444 2 596
789 7 711
874 2 718
789 7 710
974 7 710
313 0 976
959 0 250
974 7 711
959 0 251
68 7 37
444 7 402
739 0 251
739 0 250
108 0 98
94 7 158
26 3 294
897 7 267
780 0 293
500 7 910
135 3 359
820 7 616
809 0 339
507 7 153
512 7 411
512 7 81
991 7 582
450 7 102
767 7 910
461 7 274
246 7 238
491 7 274
897 7 274
917 3 554
208 2 179
476 7 8
280 0 833
228 3 997
512 7 402
461 7 267
451 3 306
424 2 849
507 7 170
739 0 273
974 7 738
491 7 285
7 7 825
780 0 273
910 0 192
809 0 791
809 0 314
245 2 596
8 7 238
141 2 209
313 0 937
369 0 574
246 7 90
280 0 849
327 0 192
461 7 299
754 7 10
991 7 81
228 3 554
925 3 735
381 7 274
173 7 657
94 7 582
280 0 98
619 7 292
24 7 657
862 7 657
619 7 290
67 7 456
947 7 616
135 3 383
228 3 535
424 2 873
917 3 534
917 3 535
228 3 534
327 0 98
381 7 267
476 7 520
959 0 293
313 0 933
451 3 324
739 0 293
619 7 285
491 7 267
327 0 188
595 7 153
660 3 681
923 0 849
68 7 299
553 7 158
163 7 8
959 0 674
149 7 81
571 2 398
625 0 98
803 7 81
803 7 402
982 2 254
775 0 395
108 0 849
856 7 520
772 0 98
24 7 238
149 7 828
498 3 306
558 0 293
917 3 597
739 0 624
917 3 594
923 0 833
910 0 188
897 7 638
553 7 160
754 7 738
340 7 582
656 7 299
762 2 209
619 0 339
108 0 833
827 3 681
925 3 324
399 0 574
809 0 754
128 0 192
656 7 267
8 7 285
619 7 657
991 7 160
567 7 215
656 7 274
567 7 697
959 0 98
991 7 45
975 7 953
752 7 638
975 7 954
401 7 158
558 0 273
754 7 711
917 3 575
141 2 254
526 0 624
754 7 710
874 2 319
128 0 188
476 7 953
947 7 657
461 7 638
476 7 954
183 7 81
533 0 976
846 7 215
959 0 651
846 7 697
925 3 306
424 2 429
8 7 292
411 0 574
8 7 290
401 7 160
803 7 411
931 3 493
625 0 468
991 7 37
739 0 651
991 7 158
313 0 574
498 3 735
739 0 674
340 7 158
982 2 209
923 0 403
245 2 179
149 7 45
141 2 65
959 0 235
619 7 238
173 7 238
24 7 285
320 7 825
718 7 160
925 3 359
804 2 398
68 7 267
149 7 37
141 2 70
809 0 748
369 0 937
450 7 170
419 0 976
874 2 744
151 7 828
796 7 710
796 7 711
923 0 885
526 0 651
68 7 274
619 0 395
229 7 456
228 3 946
228 3 944
874 2 749
369 0 976
622 7 456
40 7 657
461 7 697
804 2 65
461 7 215
246 7 616
804 2 379
975 7 910
810 3 294
636 7 954
804 2 70
340 7 160
636 7 953
476 7 910
507 7 102
516 7 657
718 7 158
450 7 153
51 3 294
874 2 764
526 0 674
923 0 861
141 2 292
796 7 738
772 0 833
151 7 402
601 7 828
151 7 81
595 7 616
470 2 398
619 0 849
311 7 45
619 7 711
862 7 170
619 7 710
810 3 359
173 7 153
40 7 153
874 2 379
804 2 873
777 0 849
563 7 828
777 0 861
401 7 697
401 7 215
514 3 997
660 3 294
40 7 170
772 0 849
984 0 791
516 7 153
925 3 294
984 0 314
427 7 102
947 7 238
507 7 520
762 2 179
596 7 81
245 2 65
320 7 90
311 7 37
526 0 574
752 7 37
841 3 997
108 0 314
777 0 833
923 0 425
108 0 791
173 7 170
567 7 81
470 2 379
910 0 674
399 0 976
369 0 933
582 3 383
810 3 383
491 7 738
975 7 45
767 7 411
619 0 861
411 0 624
678 3 28
516 7 170
245 2 70
874 2 398
514 3 534
923 0 418
625 0 976
327 0 933
514 3 535
327 0 937
558 0 674
984 0 339
975 7 37
777 2 429
24 7 170
775 0 468
313 0 98
896 0 98
923 0 423
796 7 657
622 7 825
336 7 582
621 0 395
841 3 535
752 7 582
841 3 534
568 3 359
516 7 102
947 7 285
514 3 944
514 3 946
311 7 81
949 3 294
810 3 324
910 0 651
567 7 160
636 7 402
419 0 574
959 0 754
541 7 299
567 7 158
245 2 98
26 3 735
681 3 294
491 7 710
491 7 711
51 3 681
619 0 885
625 0 574
982 2 179
208 2 65
476 7 170
947 7 290
619 0 403
678 3 383
947 7 292
558 0 250
826 3 383
208 2 70
772 0 403
558 0 251
500 7 582
959 0 748
636 7 411
984 0 754
716 3 383
846 7 160
896 0 574
772 0 885
752 7 45
280 0 395
984 0 748
619 0 418
846 7 158
810 3 306
427 7 153
411 0 674
596 7 45
856 7 456
108 0 754
991 7 910
841 3 554
923 0 468
563 7 411
619 7 738
910 0 624
533 0 937
567 7 45
820 7 285
619 0 423
596 7 37
568 3 383
108 0 748
619 0 425
553 7 582
327 0 976
151 7 411
582 3 359
401 7 638
563 7 402
558 0 235
498 3 681
777 2 873
533 0 933
730 7 402
772 0 861
716 3 359
567 7 37
427 7 170
730 7 411
411 0 651
804 2 429
470 2 98
820 7 292
820 7 290
826 3 359
208 2 98
128 0 976
526 0 98
500 7 953
500 7 954
841 3 575
246 7 285
470 2 319
403 3 597
838 7 953
582 3 324
280 0 748
67 7 520
838 7 954
403 3 594
775 0 833
183 7 953
183 7 954
163 7 710
163 7 711
327 0 574
514 3 594
514 3 597
568 3 324
146 3 535
146 3 534
852 7 274
984 0 395
777 0 468
246 7 290
601 7 411
280 0 754
246 7 292
7 7 710
141 2 718
7 7 711
621 0 339
394 3 324
26 3 306
571 2 849
752 7 81
553 7 953
796 7 238
553 7 954
975 7 160
991 7 954
320 7 456
841 3 597
108 0 395
582 3 306
772 0 418
841 3 594
678 3 359
8 7 711
403 3 575
8 7 710
820 7 238
897 7 37
601 7 402
775 0 849
984 0 98
476 7 153
541 7 274
451 3 359
476 7 158
780 0 754
444 7 910
975 7 158
553 7 45
146 3 997
526 0 188
352 3 493
852 7 299
7 7 738
772 0 425
512 7 828
26 3 324
427 7 520
718 7 638
772 0 423
621 0 314
775 0 861
780 0 748
526 0 192
595 7 238
541 7 267
553 7 37
767 7 828
476 7 160
991 7 953
621 0 791
862 7 102
450 7 616
151 7 45
8 7 738
141 2 744
595 7 657
498 3 294
838 7 910
141 2 749
24 7 8
183 7 910
541 7 215
949 3 681
780 0 339
541 7 697
228 3 493
394 3 359
151 7 37
571 2 873
514 3 554
620 7 825
796 7 285
777 0 425
336 7 953
336 7 954
730 7 828
777 0 423
77 2 596
896 0 976
280 0 314
163 7 738
470 2 764
681 3 681
419 0 188
558 0 651
897 7 45
280 0 791
596 7 402
476 7 582
775 0 403
476 7 102
804 2 849
775 0 885
777 0 418
767 7 402
451 3 383
796 7 8
780 0 791
146 3 946
809 0 395
553 7 81
419 0 192
26 3 359
399 0 933
796 7 290
975 7 81
752 7 160
796 7 292
596 7 411
246 7 10
810 3 735
68 3 294
678 3 324
780 0 314
862 7 153
444 7 954
444 7 953
68 7 81
514 3 575
625 0 933
772 0 468
568 3 306
777 0 403
752 7 158
625 0 937
678 3 306
777 0 885
656 7 638
470 2 749
595 7 8
280 0 339
621 0 748
470 2 744
775 0 418
394 3 383
775 0 425
621 0 754
558 0 624
775 0 423
399 0 937
128 0 937
571 2 429
619 0 833
128 0 933
108 0 339
146 3 944
222 7 638
369 0 235
841 3 294
394 3 28
512 7 582
313 0 885
313 0 403
327 0 293
762 2 718
777 2 65
975 7 697
68 3 554
975 7 215
695 7 81
789 7 616
777 0 188
208 2 254
621 0 849
381 7 160
476 7 657
352 3 997
862 7 8
403 3 735
897 7 81
595 7 290
595 7 292
982 2 764
777 2 70
991 7 411
949 3 997
716 3 735
369 0 250
982 2 749
459 7 81
568 3 735
369 0 251
678 3 997
533 0 468
762 2 744
313 0 861
245 2 429
327 0 273
399 0 293
68 3 535
476 7 81
206 7 411
620 7 285
852 7 215
94 7 267
917 3 28
68 3 534
852 7 697
128 0 468
146 3 359
24 7 738
352 3 534
120 3 383
856 7 90
660 3 997
280 0 933
313 0 849
352 3 535
151 7 299
280 0 937
820 7 520
411 0 293
620 7 292
949 3 534
620 7 290
762 2 749
621 0 833
94 7 274
340 7 638
777 2 98
982 2 744
949 3 535
897 7 582
681 3 735
146 3 324
984 0 188
369 0 674
68 3 594
846 7 37
826 3 944
772 0 192
403 3 306
826 3 946
394 3 997
163 7 238
68 3 597
141 2 596
128 0 403
827 3 597
897 7 158
827 3 594
982 2 718
128 0 885
809 0 468
507 7 285
208 2 292
541 7 953
541 7 954
8 7 102
476 7 616
541 7 81
229 7 520
120 3 324
718 7 215
94 7 215
949 3 28
718 7 697
459 7 828
313 0 833
507 7 292
507 7 290
846 7 45
476 7 90
450 7 456
974 7 616
553 7 910
959 0 192
897 7 160
222 7 697
459 7 37
206 7 402
984 0 192
862 7 520
173 7 520
94 7 697
222 7 215
852 7 267
146 3 306
931 3 735
780 0 395
340 7 697
120 3 359
526 0 937
507 7 90
526 0 933
340 7 215
67 7 102
135 3 493
660 3 946
149 7 954
149 7 953
660 3 944
975 7 638
381 7 158
959 0 188
775 0 933
394 3 534
459 7 45
394 3 535
68 3 575
595 7 285
311 7 215
739 0 188
311 7 697
128 0 425
827 3 575
128 0 423
678 3 946
678 3 944
77 2 179
601 7 158
772 0 188
280 0 976
476 7 638
775 0 937
601 7 160
444 2 429
128 0 418
399 0 235
507 7 238
767 7 160
931 3 359
444 7 582
826 3 594
910 0 293
947 7 520
541 7 37
695 7 638
419 0 651
558 0 188
809 0 418
51 3 359
7 7 292
716 3 324
762 2 319
767 7 158
982 2 379
246 7 710
856 7 8
246 7 711
7 7 290
809 0 423
541 7 45
660 3 575
827 3 554
762 2 65
809 0 425
541 7 910
369 0 624
533 0 833
24 7 90
622 7 90
754 7 616
846 7 81
8 7 153
856 7 657
7 7 285
411 0 235
826 3 575
526 0 976
874 2 429
910 0 273
163 7 290
762 2 70
533 0 861
369 0 651
571 2 292
512 7 158
419 0 674
352 3 944
149 7 910
352 3 946
313 0 468
512 7 160
51 3 383
516 7 90
163 7 292
949 3 946
931 3 383
949 3 944
222 7 267
619 0 468
401 7 299
716 3 306
660 3 594
625 0 339
923 0 937
120 3 306
809 0 885
827 3 534
68 3 946
660 3 597
827 3 535
636 7 638
923 0 933
500 7 160
444 2 873
809 0 403
498 3 28
533 0 849
163 7 285
695 7 37
896 0 192
206 7 828
8 7 170
222 7 274
68 3 944
173 7 102
40 7 102
500 7 158
826 3 554
120 3 735
40 7 8
910 0 250
910 0 251
399 0 273
762 2 98
533 0 885
896 0 188
874 2 849
340 7 274
533 0 403
762 2 764
695 7 45
852 7 638
68 3 997
401 7 274
311 7 638
931 3 324
67 7 153
476 7 10
931 3 306
982 2 319
340 7 267
827 3 997
809 0 861
444 7 158
925 3 493
660 3 535
660 3 534
789 7 657
444 2 849
411 0 273
856 7 616
419 0 98
826 3 534
208 2 209
222 7 299
826 3 535
718 7 299
401 7 267
40 7 520
68 7 158
516 7 520
476 7 45
340 7 299
620 7 238
399 0 251
399 0 250
947 7 102
777 0 192
313 0 418
533 0 423
809 0 833
146 3 383
910 0 235
533 0 425
444 7 160
352 3 28
313 0 423
533 0 418
718 7 267
874 2 873
313 0 425
419 0 624
459 7 411
625 0 395
246 7 738
141 2 179
660 3 554
67 7 170
923 0 976
917 3 493
558 0 192
68 7 160
424 2 596
809 0 849
229 7 102
476 7 37
411 0 250
411 0 251
959 0 574
94 7 638
394 3 944
826 3 997
459 7 402
739 0 574
796 7 616
394 3 946
718 7 274
68 7 697
620 7 738
68 7 215
625 0 403
809 0 98
777 0 976
752 7 267
419 0 251
809 0 933
280 0 468
419 0 250
716 3 294
809 0 937
427 7 456
595 7 738
923 0 574
571 2 319
762 2 292
796 7 520
897 7 910
896 0 250
896 0 251
984 0 674
498 3 383
619 7 825
558 0 574
910 0 339
636 7 582
491 7 402
229 7 170
568 3 294
411 0 754
619 0 976
625 0 885
507 7 657
772 0 933
108 0 674
403 3 294
498 3 359
620 7 711
772 0 937
553 7 411
910 0 791
620 7 710
925 3 383
419 0 273
827 3 946
827 3 944
910 0 314
826 3 28
789 7 292
789 7 290
24 7 10
553 7 402
381 7 638
775 0 574
526 0 468
856 7 102
183 7 411
780 0 98
411 0 748
516 7 10
163 7 90
896 0 235
810 3 28
681 3 383
399 0 624
601 7 910
974 7 285
120 3 28
695 7 215
24 7 290
229 7 153
695 7 697
183 7 402
789 7 285
24 7 292
846 7 299
173 7 8
450 7 90
625 0 861
974 7 10
399 0 674
974 7 290
108 0 651
974 7 292
984 0 624
461 7 828
491 7 828
810 3 681
622 7 710
982 2 292
476 7 299
622 7 711
327 0 651
476 7 290
752 7 215
476 7 292
947 7 170
803 7 45
51 3 306
754 7 657
947 7 153
762 2 254
752 7 697
897 7 954
897 7 953
959 0 624
424 2 179
7 7 238
567 7 299
582 3 493
780 0 849
411 0 791
846 7 274
777 0 933
411 0 314
313 0 395
500 7 215
777 0 937
541 7 160
678 3 493
500 7 697
772 0 976
826 3 493
327 0 624
399 0 651
625 0 425
336 7 402
507 7 616
767 7 582
910 0 754
621 0 468
571 2 379
910 0 748
846 7 267
780 0 833
622 7 738
108 0 624
336 7 411
896 0 674
320 7 520
803 7 37
183 7 45
498 3 324
984 0 651
796 7 102
625 0 418
135 3 944
789 7 238
601 7 954
51 3 324
567 7 274
601 7 953
419 0 235
491 7 825
567 7 267
931 3 294
595 7 711
595 7 710
820 7 170
183 7 37
625 0 423
777 0 574
369 0 192
931 3 28
108 0 293
852 7 160
183 7 828
730 7 910
553 7 828
228 3 575
754 7 290
381 7 697
280 0 861
780 0 418
558 0 976
571 2 718
718 7 81
975 7 299
135 3 946
568 3 681
128 0 849
767 7 954
767 7 953
754 7 292
852 7 158
381 7 215
984 0 273
320 7 102
352 3 594
369 0 188
533 0 395
311 7 274
352 3 597
841 3 681
777 2 179
896 0 651
619 7 8
838 7 828
949 3 597
820 7 153
476 7 267
739 0 192
974 7 657
949 3 594
780 0 403
780 0 885
311 7 267
280 0 403
512 7 954
512 7 953
108 0 273
621 0 418
775 0 976
621 0 423
476 7 274
228 3 597
491 7 456
228 3 594
280 0 885
621 0 425
163 7 10
541 7 158
514 3 493
327 0 674
68 7 638
947 7 90
984 0 293
862 7 456
681 3 306
7 7 616
856 7 10
26 3 681
975 7 274
991 7 828
128 0 861
470 2 429
280 0 418
403 3 681
476 7 285
571 2 744
450 7 10
695 7 299
571 2 749
67 7 657
975 7 267
754 7 285
780 0 861
856 7 170
796 7 153
8 7 616
625 0 849
135 3 997
896 0 624
280 0 425
419 0 293
108 0 251
108 0 250
336 7 828
917 3 946
917 3 944
320 7 153
730 7 953
470 2 873
730 7 954
621 0 885
718 7 45
327 0 251
280 0 423
621 0 403
327 0 250
476 7 697
120 3 294
451 3 493
24 7 711
625 0 833
752 7 299
352 3 554
984 0 235
163 7 616
476 7 215
681 3 324
820 7 102
619 0 937
949 3 554
695 7 274
601 7 582
619 0 933
94 7 299
571 2 764
24 7 710
128 0 833
108 0 235
51 3 735
681 3 359
135 3 534
135 3 535
856 7 153
512 7 910
796 7 170
394 3 493
772 0 574
77 2 209
923 0 192
621 0 861
695 7 267
163 7 657
491 7 411
991 7 402
327 0 235
752 7 274
984 0 251
311 7 299
984 0 250
754 7 238
352 3 575
476 7 238
636 7 158
444 2 398
777 2 596
7 7 657
718 7 37
541 7 582
949 3 575
67 7 616
974 7 238
636 7 160
500 7 638
780 0 425
780 0 423
947 7 8
923 0 188
--------------------------------------
