563 7 671
464 7 864
225 7 671
612 7 364
865 9 441
835 7 671
799 7 864
173 9 441
263 9 543
349 9 543
671 9 441
297 7 864
799 7 671
225 7 864
459 9 441
722 9 543
558 7 364
140 9 441
762 9 543
822 9 441
35 9 543
857 9 543
515 7 364
464 7 671
270 7 864
563 7 864
284 9 543
503 9 441
612 7 671
940 9 441
799 7 364
612 7 864
835 7 864
127 9 441
585 9 543
595 9 441
515 7 671
464 7 364
114 9 543
732 7 364
558 7 671
270 7 671
865 9 543
459 9 543
940 9 543
297 7 364
263 9 441
722 9 441
349 9 441
671 9 543
558 7 864
140 9 543
115 9 441
822 9 543
535 7 364
857 9 441
35 9 441
173 9 543
563 7 364
762 9 441
732 7 671
515 7 864
535 7 864
115 9 543
284 9 441
225 7 364
270 7 364
503 9 543
835 7 364
585 9 441
114 9 441
595 9 543
127 9 543
732 7 864
535 7 671
297 7 671
--------------------------------------
959 6 460
314 6 358
314 6 235
314 6 477
622 6 554
868 6 350
959 6 466
895 6 358
667 6 214
479 6 554
173 9 441
667 6 460
244 6 460
158 6 358
620 6 128
437 6 128
822 9 441
868 6 466
244 6 466
959 6 350
562 6 706
270 7 864
359 6 128
562 6 709
314 6 466
868 6 460
959 6 235
959 6 477
959 6 358
667 6 466
158 6 235
158 6 477
421 6 554
819 6 706
503 9 441
940 9 441
819 6 709
158 6 350
895 6 350
667 6 350
244 6 350
895 6 235
895 6 477
620 6 358
314 6 350
244 6 358
868 6 214
244 6 235
244 6 477
437 6 350
622 6 214
667 6 235
667 6 477
667 6 358
479 6 214
459 9 543
940 9 543
895 6 460
507 6 128
895 6 466
479 6 460
227 6 706
244 6 128
437 6 466
730 6 128
227 6 709
622 6 460
314 6 128
622 6 466
225 7 364
959 6 214
421 6 214
667 6 128
862 6 706
507 6 358
158 6 128
895 6 214
862 6 709
437 6 358
507 6 235
507 6 477
868 6 554
507 6 350
437 6 235
437 6 477
622 6 350
622 6 235
622 6 477
316 6 738
160 6 709
562 6 738
622 6 358
225 7 671
479 6 235
479 6 477
316 6 851
479 6 358
552 6 460
421 6 738
814 6 738
349 9 543
552 6 466
190 6 554
814 6 851
359 6 185
507 6 185
437 6 460
515 7 364
172 6 185
622 6 128
959 6 554
158 6 554
862 6 851
479 6 466
363 6 185
835 7 864
479 6 350
127 9 441
160 6 706
552 6 214
244 6 554
437 6 214
464 7 364
315 6 706
315 6 709
158 6 466
158 6 460
297 7 364
862 6 738
314 6 185
190 6 214
822 9 543
868 6 128
620 6 185
316 6 709
316 6 706
535 7 864
730 6 185
190 6 460
158 6 214
814 6 709
895 6 128
479 6 128
227 6 851
814 6 706
552 6 554
190 6 466
127 9 543
227 6 738
868 6 235
868 6 477
868 6 358
562 6 851
437 6 554
244 6 214
563 7 671
730 6 554
667 6 738
786 6 706
363 6 706
63 6 350
786 6 709
363 6 709
244 6 738
63 6 235
63 6 477
667 6 851
63 6 358
302 6 851
612 7 364
865 9 441
835 7 671
799 7 864
355 6 851
762 9 543
717 6 185
868 6 185
160 6 185
63 6 128
355 6 738
421 6 706
315 6 185
227 6 554
562 6 554
421 6 709
172 6 554
622 6 851
620 6 554
865 9 543
622 6 738
895 6 738
349 9 441
786 6 851
479 6 185
363 6 851
552 6 128
302 6 706
857 9 441
302 6 709
35 9 441
732 7 671
959 6 851
421 6 851
959 6 738
190 6 706
552 6 350
190 6 709
895 6 851
585 9 441
552 6 235
552 6 477
552 6 358
297 7 671
730 6 235
730 6 477
172 6 214
730 6 350
620 6 214
982 6 185
562 6 460
959 6 706
552 6 185
959 6 709
297 7 864
227 6 128
459 9 441
558 7 364
507 6 466
857 9 543
507 6 460
562 6 466
437 6 185
464 7 671
172 6 466
172 6 460
244 6 706
244 6 709
786 6 738
562 6 350
227 6 358
227 6 235
227 6 477
895 6 554
562 6 358
507 6 214
585 9 543
819 6 185
730 6 358
562 6 235
562 6 477
515 7 671
620 6 350
730 6 214
172 6 235
172 6 477
172 6 350
732 7 364
620 6 235
620 6 477
355 6 709
355 6 706
667 6 554
227 6 350
172 6 358
158 6 185
190 6 738
227 6 466
190 6 851
730 6 466
620 6 460
63 6 185
563 7 364
730 6 460
620 6 466
227 6 460
835 7 364
717 6 128
172 6 128
227 6 214
302 6 738
562 6 214
507 6 554
244 6 851
717 6 235
717 6 477
464 7 864
717 6 350
160 6 350
717 6 358
507 6 709
160 6 358
355 6 214
862 6 358
160 6 235
160 6 477
507 6 706
730 6 709
786 6 554
140 9 441
363 6 554
730 6 706
717 6 466
982 6 554
717 6 460
160 6 460
284 9 543
172 6 706
315 6 214
814 6 128
160 6 466
315 6 460
862 6 128
355 6 466
799 7 364
612 7 864
355 6 460
558 7 671
315 6 466
302 6 554
717 6 214
160 6 214
355 6 358
620 6 709
315 6 350
355 6 235
355 6 477
140 9 543
172 6 709
355 6 350
363 6 214
562 6 128
814 6 235
814 6 477
814 6 358
620 6 706
515 7 864
814 6 350
982 6 214
315 6 235
315 6 477
284 9 441
359 6 709
315 6 358
359 6 706
819 6 128
814 6 466
717 6 554
421 6 185
172 6 851
982 6 466
359 6 851
620 6 851
814 6 185
63 6 554
868 6 709
172 6 738
315 6 128
982 6 460
359 6 738
786 6 350
562 6 185
819 6 235
819 6 477
316 6 185
263 9 543
819 6 358
799 7 671
868 6 706
786 6 235
786 6 477
302 6 128
35 9 543
819 6 350
363 6 738
895 6 709
667 6 706
982 6 235
982 6 477
667 6 709
563 7 864
982 6 358
786 6 214
314 6 706
612 7 671
982 6 350
314 6 709
895 6 706
786 6 460
819 6 466
507 6 738
302 6 358
786 6 466
507 6 851
819 6 460
595 9 441
730 6 851
314 6 851
63 6 214
862 6 185
302 6 235
302 6 477
786 6 128
314 6 738
302 6 350
263 9 441
558 7 864
355 6 554
819 6 214
63 6 460
762 9 441
63 6 466
786 6 358
227 6 185
622 6 709
302 6 466
302 6 460
622 6 706
302 6 214
730 6 738
982 6 128
595 9 543
732 7 864
620 6 738
160 6 128
959 6 185
190 6 350
819 6 554
667 6 185
244 6 185
671 9 441
225 7 864
722 9 543
190 6 235
190 6 477
190 6 358
315 6 738
479 6 709
479 6 706
315 6 851
316 6 128
982 6 709
868 6 738
355 6 185
868 6 851
982 6 706
190 6 128
717 6 851
479 6 738
359 6 554
717 6 738
316 6 358
479 6 851
316 6 235
316 6 477
895 6 185
160 6 851
160 6 738
622 6 185
982 6 851
270 7 364
862 6 554
316 6 466
63 6 706
316 6 350
63 6 709
535 7 671
552 6 738
421 6 460
314 6 554
359 6 214
814 6 460
421 6 466
316 6 214
355 6 128
160 6 554
316 6 460
363 6 350
363 6 235
363 6 477
982 6 738
359 6 460
363 6 358
814 6 214
421 6 350
421 6 235
421 6 358
421 6 477
862 6 214
786 6 185
158 6 706
717 6 709
363 6 460
437 6 738
717 6 706
552 6 851
363 6 466
158 6 709
437 6 851
314 6 214
114 9 543
359 6 358
359 6 235
359 6 477
63 6 851
270 7 671
862 6 460
819 6 738
959 6 128
862 6 466
316 6 554
63 6 738
158 6 738
722 9 441
671 9 543
819 6 851
437 6 709
115 9 441
437 6 706
314 6 460
814 6 554
535 7 364
173 9 543
552 6 706
190 6 185
359 6 466
115 9 543
315 6 554
158 6 851
862 6 350
503 9 543
862 6 235
862 6 477
552 6 709
302 6 185
421 6 128
114 9 441
359 6 350
363 6 128
--------------------------------------
314 6 235
314 6 477
219 5 73
123 5 84
895 6 358
472 5 315
540 5 156
297 5 898
173 9 441
105 5 315
622 5 867
312 5 376
369 5 843
620 6 128
868 6 466
959 6 350
359 6 128
314 6 466
563 5 673
868 6 460
123 5 73
959 6 358
158 6 235
158 6 477
105 5 330
421 6 554
819 6 706
173 5 93
503 9 441
819 6 709
105 5 575
895 6 350
312 5 385
667 6 350
350 5 73
622 5 614
244 6 350
78 5 330
472 5 93
620 6 358
815 5 315
78 5 575
244 6 358
868 6 214
271 5 898
540 5 385
219 5 93
563 5 446
622 6 214
105 5 581
51 5 51
173 5 84
667 6 358
479 6 214
111 5 210
459 9 543
940 9 543
360 5 210
507 6 128
622 5 843
479 6 460
271 5 881
227 6 706
472 5 84
123 5 843
406 5 186
297 5 673
244 6 128
406 5 181
437 6 466
271 5 405
730 6 128
227 6 709
622 6 460
748 5 575
748 5 330
622 6 466
563 5 210
219 5 84
123 5 51
173 5 73
667 6 128
271 5 875
350 5 51
507 6 358
297 5 446
472 5 73
360 5 446
507 6 350
748 5 581
437 6 235
437 6 477
78 5 315
173 5 181
111 5 673
622 6 235
622 6 477
316 6 738
155 5 51
51 5 73
479 6 235
479 6 477
297 5 614
421 6 738
814 6 738
349 9 543
360 5 673
616 5 93
359 6 185
507 6 185
173 5 186
437 6 460
748 5 156
172 6 185
111 5 446
959 6 554
862 6 851
479 6 466
312 5 186
297 5 867
363 6 185
271 5 210
127 9 441
78 5 376
24 5 843
312 5 181
540 5 581
244 6 554
437 6 214
315 6 706
748 5 385
315 6 709
111 5 898
155 5 73
158 6 466
695 5 254
51 5 93
158 6 460
540 5 376
271 5 446
350 5 84
312 5 156
78 5 581
297 5 875
190 6 214
683 5 315
360 5 898
822 9 543
620 6 185
316 6 709
748 5 376
406 5 93
316 6 706
563 5 254
730 6 185
190 6 460
155 5 84
158 6 214
814 6 709
51 5 84
895 6 128
815 5 581
815 5 330
360 5 881
297 5 405
815 5 575
814 6 706
271 5 673
552 6 554
190 6 466
173 5 156
360 5 405
297 5 881
227 6 738
868 6 235
868 6 477
350 5 93
562 6 851
730 6 554
667 6 738
155 5 93
244 6 738
63 6 235
63 6 477
616 5 315
91 5 405
815 5 385
355 6 851
762 9 543
677 5 405
24 5 875
360 5 875
616 5 51
173 5 385
838 5 673
24 5 405
160 6 185
219 5 315
91 5 898
421 6 706
815 5 156
227 6 554
271 5 254
173 5 376
360 5 867
24 5 881
677 5 898
123 5 673
421 6 709
172 6 554
563 5 843
24 5 614
105 5 181
622 6 851
838 5 881
620 6 554
622 5 210
865 9 543
105 5 186
838 5 405
616 5 575
895 6 738
616 5 330
91 5 867
616 5 581
786 6 851
622 5 446
363 6 851
677 5 867
360 5 614
123 5 446
552 6 128
302 6 706
302 6 709
616 5 73
677 5 881
24 5 867
91 5 875
959 6 738
838 5 898
297 5 843
552 6 350
815 5 376
91 5 881
748 5 181
552 6 358
267 5 181
360 5 843
748 5 186
677 5 875
267 5 186
616 5 84
123 5 210
730 6 350
123 5 614
622 5 673
72 5 254
838 5 867
91 5 843
562 6 460
959 6 706
815 5 186
552 6 185
959 6 709
227 6 128
173 5 581
857 9 543
24 5 673
563 5 614
562 6 466
677 5 843
563 5 875
406 5 843
244 6 706
123 5 867
244 6 709
105 5 376
838 5 875
91 5 614
227 6 358
267 5 51
622 5 898
895 6 554
540 5 181
677 5 614
24 5 446
173 5 575
350 5 843
123 5 875
585 9 543
540 5 186
563 5 867
730 6 358
562 6 235
562 6 477
173 5 330
620 6 350
172 6 350
563 5 881
219 5 51
667 6 554
227 6 350
105 5 385
172 6 358
111 5 254
838 5 843
219 5 330
267 5 156
622 5 405
190 6 851
776 5 315
24 5 898
350 5 614
123 5 881
369 5 186
563 5 898
123 5 405
815 5 181
622 5 881
105 5 156
172 6 128
838 5 614
219 5 575
369 5 181
267 5 385
302 6 738
219 5 581
173 5 315
622 5 875
562 6 214
123 5 898
507 6 554
350 5 867
563 5 405
717 6 235
717 6 477
677 5 376
160 6 350
72 5 210
507 6 709
160 6 358
355 6 214
267 5 254
123 5 385
862 6 358
507 6 706
91 5 73
622 5 84
786 6 554
91 5 376
140 9 441
363 6 554
350 5 875
717 6 466
622 5 181
78 5 93
717 6 460
776 5 210
51 5 254
677 5 385
776 5 51
72 5 446
622 5 186
219 5 156
814 6 128
862 6 128
355 6 466
91 5 385
350 5 881
173 5 898
815 5 51
622 5 73
355 6 460
776 5 446
350 5 405
123 5 156
78 5 84
369 5 156
360 5 51
750 5 376
717 6 214
72 5 673
91 5 93
315 6 350
355 6 235
355 6 477
24 5 330
142 5 156
540 5 614
173 5 405
350 5 898
562 6 128
814 6 358
24 5 575
173 5 881
155 5 254
369 5 385
838 5 254
750 5 385
814 6 350
982 6 214
78 5 73
284 9 441
315 6 358
622 5 93
219 5 376
219 5 385
24 5 581
91 5 84
815 5 73
819 6 128
540 5 843
173 5 875
142 5 385
251 5 315
421 6 185
172 6 851
406 5 315
677 5 575
982 6 466
748 5 843
359 6 851
620 6 851
814 6 185
63 6 554
677 5 330
369 5 376
868 6 709
72 5 898
360 5 73
750 5 156
622 5 156
315 6 128
982 6 460
786 6 350
562 6 185
267 5 210
123 5 581
316 6 185
819 6 358
91 5 330
868 6 706
350 5 673
173 5 867
35 9 543
819 6 350
24 5 156
363 6 738
667 6 706
982 6 235
982 6 477
667 6 709
72 5 405
677 5 581
776 5 254
78 5 51
91 5 575
314 6 706
72 5 881
622 5 385
314 6 709
91 5 581
507 6 738
267 5 446
173 5 614
350 5 446
406 5 330
595 9 441
730 6 851
360 5 93
862 6 185
302 6 235
302 6 477
622 5 376
786 6 128
314 6 738
72 5 875
838 5 446
616 5 254
263 9 441
267 5 673
91 5 51
350 5 210
173 5 843
24 5 376
472 5 186
155 5 210
750 5 181
369 5 581
72 5 867
750 5 186
762 9 441
838 5 210
786 6 358
302 6 466
360 5 84
302 6 460
142 5 181
91 5 315
142 5 186
219 5 186
24 5 385
302 6 214
622 5 51
219 5 181
695 5 51
472 5 181
677 5 315
123 5 376
160 6 128
959 6 185
105 5 73
369 5 330
748 5 881
72 5 614
406 5 84
369 5 575
563 5 51
472 5 156
190 6 350
51 5 881
267 5 405
748 5 405
563 5 385
155 5 446
51 5 405
540 5 673
251 5 385
819 6 554
683 5 210
142 5 575
671 9 441
267 5 898
722 9 543
142 5 330
297 5 254
190 6 358
315 6 738
105 5 84
479 6 709
479 6 706
406 5 73
563 5 156
748 5 875
316 6 128
72 5 843
51 5 898
360 5 181
155 5 673
267 5 881
360 5 186
105 5 843
868 6 738
251 5 376
683 5 446
369 5 315
190 6 128
717 6 851
472 5 376
563 5 73
479 6 738
406 5 575
695 5 330
267 5 867
748 5 867
316 6 358
695 5 575
51 5 867
895 6 185
78 5 385
350 5 254
105 5 614
267 5 875
142 5 315
406 5 581
160 6 738
105 5 93
622 6 185
540 5 210
472 5 385
51 5 875
982 6 851
406 5 51
563 5 84
695 5 581
267 5 614
155 5 898
748 5 614
862 6 554
63 6 706
24 5 186
316 6 350
63 6 709
540 5 446
24 5 181
105 5 867
251 5 156
78 5 156
552 6 738
155 5 881
563 5 93
314 6 554
51 5 446
359 6 214
406 5 156
748 5 446
155 5 405
776 5 84
563 5 186
750 5 315
563 5 181
695 5 315
540 5 51
312 5 330
123 5 186
160 6 554
683 5 254
251 5 581
540 5 875
312 5 575
142 5 376
360 5 156
363 6 350
123 5 181
297 5 210
359 6 460
363 6 358
421 6 350
748 5 673
677 5 186
51 5 210
421 6 358
677 5 181
155 5 875
786 6 185
251 5 330
360 5 385
251 5 575
91 5 186
267 5 843
776 5 93
540 5 867
472 5 51
437 6 851
91 5 181
312 5 581
472 5 330
105 5 51
677 5 156
472 5 575
114 9 543
406 5 376
750 5 330
359 6 235
359 6 477
155 5 867
750 5 575
819 6 738
959 6 128
316 6 554
63 6 738
540 5 73
78 5 181
540 5 898
360 5 376
91 5 156
78 5 186
406 5 385
814 6 554
552 6 706
748 5 898
190 6 185
472 5 581
359 6 466
750 5 581
51 5 673
115 9 543
315 6 554
155 5 614
312 5 315
158 6 851
776 5 73
862 6 350
503 9 543
552 6 709
142 5 581
421 6 128
540 5 405
363 6 128
540 5 881
959 6 460
314 6 358
838 5 93
472 5 673
622 6 554
868 6 350
959 6 466
667 6 214
155 5 843
479 6 554
540 5 93
312 5 254
667 6 460
244 6 460
158 6 358
437 6 128
822 9 441
683 5 614
677 5 51
244 6 466
78 5 446
142 5 614
562 6 706
562 6 709
563 5 315
959 6 235
959 6 477
72 5 51
667 6 466
940 9 441
105 5 210
472 5 446
158 6 350
540 5 84
105 5 446
360 5 581
815 5 673
78 5 210
895 6 235
895 6 477
111 5 93
142 5 843
314 6 350
683 5 843
750 5 73
244 6 235
244 6 477
437 6 350
111 5 575
616 5 614
72 5 84
667 6 235
667 6 477
472 5 898
111 5 330
895 6 460
297 5 315
360 5 330
815 5 881
360 5 575
895 6 466
683 5 875
815 5 405
677 5 73
314 6 128
695 5 181
748 5 210
563 5 575
695 5 186
72 5 73
312 5 51
959 6 214
616 5 843
563 5 330
421 6 214
111 5 581
862 6 706
158 6 128
895 6 214
862 6 709
437 6 358
815 5 898
78 5 673
750 5 51
507 6 235
507 6 477
683 5 867
868 6 554
622 6 350
838 5 51
111 5 315
160 6 709
562 6 738
622 6 358
219 5 867
563 5 581
695 5 156
271 5 581
51 5 843
316 6 851
105 5 881
472 5 875
479 6 358
251 5 181
105 5 875
251 5 186
552 6 460
552 6 466
190 6 554
142 5 898
360 5 315
683 5 898
814 6 851
472 5 881
622 6 128
312 5 73
158 6 554
472 5 405
219 5 875
750 5 843
51 5 614
271 5 575
683 5 881
78 5 254
271 5 330
105 5 405
111 5 51
142 5 881
479 6 350
160 6 706
552 6 214
683 5 405
142 5 405
838 5 73
695 5 376
312 5 84
472 5 614
219 5 843
105 5 898
862 6 738
111 5 84
815 5 446
314 6 185
142 5 875
683 5 673
868 6 128
540 5 254
838 5 84
748 5 254
563 5 376
695 5 385
219 5 614
472 5 867
312 5 93
105 5 673
479 6 128
750 5 614
227 6 851
815 5 210
111 5 73
127 9 543
271 5 315
868 6 358
437 6 554
142 5 867
244 6 214
786 6 706
363 6 706
63 6 350
786 6 709
297 5 73
363 6 709
667 6 851
63 6 358
302 6 851
616 5 673
865 9 441
72 5 186
271 5 385
72 5 181
776 5 614
78 5 843
717 6 185
868 6 185
63 6 128
355 6 738
219 5 673
622 5 581
838 5 315
472 5 843
315 6 185
271 5 376
776 5 843
123 5 315
695 5 73
78 5 614
562 6 554
173 5 254
297 5 51
51 5 186
776 5 881
219 5 405
622 5 575
622 5 330
622 6 738
72 5 156
219 5 881
616 5 210
349 9 441
479 6 185
251 5 843
695 5 84
776 5 875
857 9 441
35 9 441
959 6 851
616 5 446
219 5 898
111 5 181
421 6 851
111 5 186
72 5 385
123 5 330
190 6 706
142 5 51
815 5 254
190 6 709
622 5 315
895 6 851
585 9 441
552 6 235
552 6 477
695 5 93
123 5 575
776 5 867
730 6 235
730 6 477
111 5 156
172 6 214
677 5 93
620 6 214
616 5 875
24 5 93
982 6 185
72 5 376
271 5 181
271 5 186
815 5 84
78 5 881
459 9 441
776 5 898
24 5 315
507 6 466
507 6 460
78 5 405
437 6 185
172 6 466
172 6 460
616 5 867
105 5 254
786 6 738
72 5 93
562 6 350
227 6 235
227 6 477
142 5 73
815 5 93
562 6 358
507 6 214
819 6 185
677 5 84
776 5 405
78 5 898
173 5 210
730 6 214
111 5 376
172 6 235
172 6 477
155 5 186
620 6 235
620 6 477
355 6 709
155 5 181
355 6 706
616 5 898
219 5 446
158 6 185
190 6 738
227 6 466
142 5 84
173 5 446
750 5 84
78 5 867
730 6 466
620 6 460
63 6 185
730 6 460
620 6 466
776 5 673
616 5 405
227 6 460
717 6 128
219 5 210
616 5 881
111 5 385
227 6 214
271 5 156
173 5 673
750 5 93
142 5 93
244 6 851
78 5 875
677 5 254
406 5 875
776 5 581
838 5 385
717 6 350
24 5 51
616 5 156
72 5 330
717 6 358
72 5 575
695 5 875
160 6 235
160 6 477
695 5 867
72 5 581
267 5 376
730 6 709
267 5 84
91 5 254
730 6 706
776 5 330
838 5 156
982 6 554
776 5 575
406 5 881
51 5 376
251 5 73
160 6 460
284 9 543
695 5 881
172 6 706
315 6 214
406 5 405
616 5 385
155 5 156
160 6 466
315 6 460
267 5 93
251 5 898
155 5 385
251 5 84
315 6 466
302 6 554
72 5 315
24 5 73
750 5 254
406 5 614
160 6 214
355 6 358
616 5 186
620 6 709
616 5 181
140 9 543
172 6 709
355 6 350
363 6 214
251 5 446
814 6 235
814 6 477
24 5 210
620 6 706
838 5 376
315 6 235
315 6 477
251 5 93
359 6 709
24 5 84
406 5 867
359 6 706
155 5 376
219 5 254
683 5 186
695 5 614
683 5 181
267 5 73
251 5 673
814 6 466
267 5 581
717 6 554
677 5 210
776 5 385
406 5 673
838 5 581
369 5 254
312 5 843
172 6 738
91 5 446
359 6 738
267 5 330
819 6 235
819 6 477
267 5 575
263 9 543
786 6 235
786 6 477
302 6 128
91 5 210
350 5 315
677 5 446
251 5 867
406 5 446
895 6 709
297 5 181
982 6 358
776 5 376
786 6 214
312 5 614
695 5 843
982 6 350
895 6 706
786 6 460
819 6 466
302 6 358
786 6 466
297 5 186
507 6 851
819 6 460
251 5 614
51 5 181
677 5 673
297 5 93
406 5 898
314 6 851
155 5 581
51 5 385
63 6 214
622 5 254
302 6 350
616 5 376
355 6 554
819 6 214
350 5 330
267 5 315
91 5 673
350 5 575
251 5 881
24 5 254
251 5 405
63 6 460
155 5 330
838 5 575
297 5 84
838 5 330
63 6 466
776 5 156
51 5 156
227 6 185
622 6 709
622 6 706
155 5 575
350 5 581
730 6 738
982 6 128
595 9 543
251 5 875
620 6 738
123 5 254
776 5 186
369 5 93
111 5 875
369 5 210
683 5 73
312 5 405
776 5 181
750 5 875
683 5 330
750 5 867
667 6 185
271 5 93
244 6 185
540 5 315
142 5 210
190 6 235
190 6 477
297 5 376
369 5 446
683 5 575
748 5 73
111 5 405
315 6 851
312 5 898
155 5 315
750 5 881
111 5 881
982 6 709
271 5 84
251 5 254
142 5 446
297 5 385
355 6 185
868 6 851
982 6 706
472 5 254
748 5 84
406 5 210
111 5 614
359 6 554
369 5 673
717 6 738
695 5 210
312 5 867
683 5 93
750 5 898
479 6 851
316 6 235
316 6 477
271 5 73
540 5 575
160 6 851
750 5 405
142 5 673
350 5 376
312 5 875
297 5 156
540 5 330
748 5 93
111 5 867
683 5 84
316 6 466
683 5 581
312 5 881
350 5 385
369 5 898
421 6 460
814 6 460
838 5 186
695 5 673
421 6 466
750 5 673
316 6 214
355 6 128
271 5 51
312 5 210
316 6 460
297 5 575
350 5 156
142 5 254
363 6 235
363 6 477
297 5 330
815 5 867
982 6 738
683 5 376
369 5 51
271 5 867
369 5 405
814 6 214
51 5 575
748 5 315
111 5 843
51 5 330
369 5 881
421 6 235
173 5 51
421 6 477
695 5 446
862 6 214
750 5 446
158 6 706
717 6 709
363 6 460
437 6 738
815 5 875
251 5 210
717 6 706
552 6 851
363 6 466
369 5 875
51 5 581
158 6 709
271 5 614
297 5 581
472 5 210
314 6 214
406 5 254
359 6 358
63 6 851
683 5 51
862 6 460
750 5 210
862 6 466
695 5 898
158 6 738
695 5 405
722 9 441
671 9 543
819 6 851
437 6 709
360 5 254
312 5 673
115 9 441
437 6 706
314 6 460
815 5 843
271 5 843
683 5 156
369 5 73
369 5 867
173 9 543
123 5 93
748 5 51
251 5 51
862 6 235
862 6 477
302 6 185
51 5 315
350 5 181
350 5 186
683 5 385
312 5 446
114 9 441
838 5 181
815 5 614
359 6 350
369 5 84
369 5 614
--------------------------------------
111 5 234
314 6 235
781 5 168
195 5 606
760 5 198
219 5 73
960 5 431
540 5 156
297 5 898
173 9 441
312 5 376
655 5 198
868 6 466
359 6 128
563 5 673
868 6 460
158 6 477
760 5 189
105 5 575
312 5 385
667 6 350
350 5 73
622 5 614
78 5 330
415 5 806
472 5 93
620 6 358
643 5 606
271 5 898
99 5 760
960 5 417
219 5 93
960 5 410
105 5 581
667 6 358
781 5 189
111 5 210
459 9 543
278 5 515
507 6 128
479 6 460
271 5 881
198 5 587
227 6 706
472 5 84
235 5 19
244 6 128
415 5 830
437 6 466
271 5 405
227 6 709
622 6 460
748 5 330
960 5 403
467 5 9
596 5 198
622 6 466
563 5 210
219 5 84
960 5 883
781 5 198
760 5 168
631 5 234
655 5 189
271 5 875
350 5 51
297 5 446
472 5 73
360 5 446
198 5 572
437 6 477
78 5 315
760 5 151
111 5 673
622 6 477
316 6 738
760 5 153
217 5 606
479 6 477
421 6 738
349 9 543
627 5 201
616 5 93
415 5 854
359 6 185
507 6 185
437 6 460
111 5 201
959 6 554
760 5 145
479 6 466
297 5 867
278 5 926
363 6 185
163 5 515
127 9 441
235 5 27
78 5 376
24 5 843
540 5 581
244 6 554
748 5 385
158 6 466
781 5 145
631 5 201
158 6 460
271 5 446
350 5 84
297 5 875
198 5 145
360 5 898
960 5 448
822 9 543
316 6 709
748 5 376
406 5 93
316 6 706
563 5 254
190 6 460
774 5 606
781 5 153
895 6 128
815 5 581
781 5 151
360 5 881
297 5 405
815 5 575
190 6 466
360 5 405
297 5 881
227 6 738
868 6 477
350 5 93
667 6 738
960 5 830
63 6 235
649 5 431
596 5 145
278 5 587
237 5 806
91 5 405
774 5 201
237 5 9
355 6 851
198 5 168
677 5 405
24 5 875
360 5 875
415 5 9
616 5 51
173 5 385
985 5 168
838 5 673
24 5 405
278 5 572
985 5 9
219 5 315
781 5 572
208 5 189
947 5 806
91 5 898
649 5 448
421 6 706
815 5 156
235 5 61
208 5 198
173 5 376
360 5 867
450 5 789
198 5 153
24 5 881
198 5 151
677 5 898
123 5 673
421 6 709
347 5 806
105 5 181
622 6 851
781 5 587
985 5 198
622 5 210
105 5 186
616 5 575
91 5 867
616 5 581
915 5 9
786 6 851
655 5 572
677 5 867
198 5 189
960 5 806
302 6 706
302 6 709
616 5 73
677 5 881
985 5 189
24 5 867
91 5 875
297 5 843
450 5 760
552 6 350
655 5 587
91 5 881
163 5 572
552 6 358
360 5 843
677 5 875
616 5 84
123 5 210
217 5 201
947 5 830
730 6 350
420 5 27
123 5 614
643 5 9
163 5 9
622 5 673
596 5 189
91 5 843
815 5 186
655 5 151
655 5 153
420 5 19
627 5 606
450 5 335
163 5 587
857 9 543
563 5 614
677 5 843
406 5 843
120 5 234
237 5 854
208 5 145
347 5 854
420 5 9
208 5 9
227 6 358
774 5 234
655 5 168
208 5 151
267 5 51
895 6 554
208 5 153
631 5 606
540 5 181
24 5 446
585 9 543
198 5 198
540 5 186
730 6 358
562 6 235
173 5 330
620 6 350
960 5 854
235 5 760
120 5 201
172 6 350
985 5 153
219 5 51
985 5 151
227 6 350
596 5 168
172 6 358
947 5 854
111 5 254
219 5 330
190 6 851
776 5 315
24 5 898
350 5 614
450 5 315
237 5 61
369 5 186
217 5 234
985 5 145
596 5 153
237 5 830
596 5 151
815 5 181
208 5 168
347 5 830
105 5 156
838 5 614
369 5 181
655 5 145
267 5 385
302 6 738
173 5 315
562 6 214
235 5 9
507 6 554
717 6 235
677 5 376
643 5 168
160 6 350
347 5 789
217 5 61
195 5 168
111 5 9
160 6 358
195 5 61
91 5 73
467 5 606
91 5 376
140 9 441
363 6 554
915 5 606
985 5 201
947 5 883
622 5 181
776 5 210
677 5 385
235 5 335
195 5 153
72 5 446
208 5 587
622 5 186
947 5 403
814 6 128
862 6 128
355 6 466
237 5 19
91 5 385
173 5 898
815 5 51
195 5 151
627 5 198
355 6 460
420 5 760
450 5 389
781 5 606
123 5 156
985 5 234
947 5 410
643 5 189
369 5 156
655 5 606
750 5 376
947 5 417
717 6 214
195 5 145
91 5 93
760 5 606
355 6 477
24 5 330
415 5 61
237 5 27
627 5 189
142 5 156
540 5 614
173 5 405
235 5 315
562 6 128
881 5 335
173 5 881
420 5 315
155 5 254
838 5 254
750 5 385
643 5 198
655 5 61
219 5 376
219 5 385
91 5 84
815 5 73
819 6 128
173 5 875
347 5 760
251 5 315
235 5 789
237 5 760
420 5 789
172 6 851
406 5 315
217 5 168
982 6 466
748 5 843
235 5 389
620 6 851
814 6 185
947 5 431
677 5 330
881 5 27
72 5 898
622 5 156
649 5 515
315 6 128
982 6 460
195 5 19
786 6 350
562 6 185
627 5 9
123 5 581
91 5 330
350 5 673
881 5 19
173 5 867
475 5 910
217 5 27
35 9 543
881 5 315
667 6 706
982 6 477
667 6 709
72 5 405
237 5 335
776 5 254
195 5 198
314 6 706
347 5 335
72 5 881
947 5 448
314 6 709
198 5 910
655 5 201
267 5 446
406 5 330
217 5 189
595 9 441
881 5 789
730 6 851
475 5 926
643 5 145
237 5 789
596 5 201
862 6 185
302 6 235
314 6 738
72 5 875
195 5 189
91 5 51
350 5 210
173 5 843
24 5 376
217 5 198
472 5 186
155 5 210
369 5 581
72 5 867
838 5 210
643 5 153
237 5 315
786 6 358
643 5 151
347 5 315
195 5 27
198 5 926
142 5 181
91 5 315
142 5 186
99 5 389
24 5 385
120 5 606
302 6 214
208 5 572
881 5 760
217 5 19
472 5 181
677 5 315
959 6 185
748 5 881
406 5 84
369 5 575
472 5 156
190 6 350
51 5 881
267 5 405
748 5 405
760 5 234
655 5 19
51 5 405
540 5 673
915 5 201
251 5 385
819 6 554
142 5 575
267 5 898
415 5 417
985 5 606
190 6 358
415 5 410
406 5 73
563 5 156
748 5 875
643 5 572
72 5 843
51 5 898
467 5 201
111 5 760
155 5 673
267 5 881
195 5 9
347 5 389
251 5 376
683 5 446
237 5 389
415 5 403
415 5 883
208 5 515
643 5 587
267 5 867
748 5 867
316 6 358
695 5 575
51 5 867
895 6 185
278 5 910
475 5 572
627 5 587
78 5 385
350 5 254
105 5 614
267 5 875
160 6 738
540 5 210
415 5 431
51 5 875
982 6 851
406 5 51
695 5 581
760 5 201
862 6 554
63 6 706
915 5 234
316 6 350
63 6 709
627 5 572
420 5 389
475 5 587
552 6 738
51 5 446
359 6 214
748 5 446
563 5 186
750 5 315
563 5 181
649 5 910
540 5 51
312 5 330
123 5 186
99 5 335
627 5 168
123 5 181
643 5 515
420 5 335
421 6 350
475 5 515
649 5 926
421 6 358
198 5 515
596 5 606
163 5 910
251 5 330
360 5 385
267 5 843
472 5 51
415 5 448
437 6 851
472 5 575
114 9 543
406 5 376
750 5 330
359 6 235
627 5 153
959 6 128
627 5 151
467 5 234
195 5 587
63 6 738
540 5 73
627 5 145
360 5 376
99 5 315
406 5 385
814 6 554
552 6 706
748 5 898
472 5 581
115 9 543
315 6 554
155 5 614
312 5 315
158 6 851
195 5 572
163 5 926
552 6 709
655 5 27
142 5 581
99 5 789
363 6 128
959 6 460
868 6 350
959 6 466
667 6 214
631 5 389
479 6 554
198 5 448
99 5 410
244 6 460
99 5 417
158 6 358
822 9 441
683 5 614
677 5 51
244 6 466
142 5 614
562 6 706
562 6 709
959 6 477
649 5 168
72 5 51
467 5 168
940 9 441
105 5 210
472 5 446
158 6 350
99 5 883
163 5 830
278 5 606
78 5 210
895 6 477
99 5 403
627 5 27
198 5 431
750 5 73
960 5 9
244 6 477
627 5 515
437 6 350
111 5 575
467 5 151
616 5 614
72 5 84
467 5 153
667 6 235
472 5 898
111 5 572
895 6 460
297 5 315
360 5 330
815 5 881
347 5 9
475 5 61
895 6 466
815 5 405
677 5 73
314 6 128
111 5 587
649 5 189
563 5 575
72 5 73
312 5 51
774 5 926
111 5 581
467 5 145
163 5 854
437 6 358
815 5 898
78 5 673
750 5 51
507 6 235
960 5 515
622 6 350
120 5 189
649 5 198
450 5 606
160 6 709
562 6 738
622 6 358
219 5 867
563 5 581
271 5 581
472 5 875
450 5 19
774 5 515
552 6 460
99 5 854
552 6 466
360 5 315
960 5 587
195 5 515
120 5 198
472 5 881
627 5 61
312 5 73
472 5 405
219 5 875
750 5 843
51 5 614
631 5 335
271 5 575
78 5 254
160 6 706
420 5 168
475 5 19
415 5 760
120 5 168
960 5 572
695 5 376
312 5 84
219 5 843
467 5 198
99 5 830
163 5 403
631 5 315
915 5 389
815 5 446
420 5 198
314 6 185
683 5 673
163 5 883
475 5 27
540 5 254
217 5 515
695 5 385
472 5 867
312 5 93
450 5 27
105 5 673
467 5 189
479 6 128
631 5 789
163 5 417
420 5 189
127 9 543
475 5 389
163 5 410
868 6 358
786 6 706
781 5 448
786 6 709
881 5 61
120 5 145
297 5 73
302 6 851
616 5 673
111 5 198
627 5 926
776 5 614
120 5 151
120 5 153
99 5 806
63 6 128
622 5 581
472 5 843
315 6 185
596 5 61
695 5 73
217 5 145
235 5 606
78 5 614
163 5 431
627 5 910
173 5 254
297 5 51
347 5 926
51 5 186
649 5 572
219 5 405
631 5 760
622 5 575
622 6 738
655 5 448
219 5 881
616 5 210
163 5 448
349 9 441
479 6 185
251 5 843
960 5 926
217 5 151
695 5 84
857 9 441
35 9 441
217 5 153
649 5 587
111 5 189
959 6 851
347 5 910
219 5 898
111 5 181
421 6 851
278 5 234
111 5 186
72 5 385
190 6 706
190 6 709
895 6 851
552 6 477
695 5 93
960 5 910
123 5 575
730 6 477
781 5 403
111 5 156
677 5 93
195 5 926
781 5 883
620 6 214
111 5 151
24 5 93
111 5 153
120 5 587
982 6 185
72 5 376
271 5 181
271 5 186
217 5 572
111 5 168
760 5 61
195 5 910
415 5 19
172 6 466
781 5 417
596 5 19
172 6 460
781 5 410
105 5 254
786 6 738
72 5 93
562 6 350
227 6 235
562 6 358
507 6 214
881 5 389
819 6 185
596 5 27
677 5 84
173 5 210
172 6 477
155 5 186
217 5 587
415 5 27
620 6 235
155 5 181
219 5 446
278 5 201
190 6 738
774 5 587
750 5 84
730 6 466
120 5 572
63 6 185
111 5 145
730 6 460
649 5 145
776 5 673
781 5 431
227 6 214
450 5 201
774 5 572
271 5 156
173 5 673
649 5 151
649 5 153
750 5 93
244 6 851
677 5 254
406 5 875
776 5 581
717 6 350
24 5 51
278 5 189
616 5 156
420 5 61
72 5 330
717 6 358
695 5 875
774 5 168
160 6 235
695 5 867
267 5 376
267 5 84
347 5 431
475 5 830
163 5 389
838 5 156
982 6 554
776 5 575
406 5 881
251 5 73
947 5 760
649 5 606
655 5 515
284 9 543
695 5 881
315 6 214
406 5 405
347 5 417
155 5 156
267 5 93
774 5 153
631 5 806
251 5 898
774 5 151
985 5 315
235 5 201
251 5 84
347 5 403
72 5 315
24 5 73
208 5 234
160 6 214
616 5 186
620 6 709
450 5 234
596 5 515
616 5 181
347 5 410
774 5 145
475 5 854
251 5 446
814 6 235
620 6 706
781 5 515
315 6 235
278 5 198
251 5 93
24 5 84
406 5 867
947 5 789
683 5 186
683 5 181
267 5 73
347 5 883
985 5 335
415 5 389
881 5 448
947 5 9
677 5 210
420 5 606
838 5 581
369 5 254
312 5 843
596 5 587
91 5 446
278 5 145
947 5 315
267 5 330
819 6 235
786 6 235
881 5 431
350 5 315
251 5 867
881 5 417
406 5 446
985 5 760
596 5 572
786 6 214
120 5 515
695 5 843
467 5 515
302 6 358
774 5 198
781 5 926
51 5 181
677 5 673
297 5 93
406 5 898
155 5 581
475 5 806
947 5 335
63 6 214
347 5 448
278 5 168
302 6 350
355 6 554
819 6 214
350 5 330
267 5 315
251 5 881
774 5 189
649 5 9
881 5 410
985 5 789
251 5 405
838 5 575
297 5 84
278 5 151
235 5 234
776 5 156
51 5 156
278 5 153
227 6 185
622 6 709
208 5 201
622 6 706
198 5 806
155 5 575
982 6 128
881 5 883
595 9 543
251 5 875
237 5 201
881 5 403
620 6 738
776 5 186
195 5 448
643 5 201
120 5 61
369 5 210
467 5 572
960 5 151
217 5 926
312 5 405
960 5 153
776 5 181
750 5 875
750 5 867
667 6 185
271 5 93
540 5 315
142 5 210
190 6 235
297 5 376
450 5 61
683 5 575
475 5 431
748 5 73
960 5 145
312 5 898
750 5 881
655 5 910
195 5 431
271 5 84
915 5 335
198 5 830
163 5 61
596 5 926
297 5 385
475 5 448
355 6 185
868 6 851
748 5 84
111 5 614
359 6 554
369 5 673
717 6 738
760 5 335
312 5 867
750 5 898
316 6 235
271 5 73
750 5 405
142 5 673
350 5 376
312 5 875
415 5 315
237 5 234
111 5 606
881 5 854
540 5 330
947 5 389
781 5 910
643 5 234
748 5 93
195 5 417
596 5 910
217 5 9
195 5 410
683 5 581
312 5 881
198 5 854
350 5 385
120 5 926
415 5 789
421 6 460
960 5 198
838 5 186
421 6 466
316 6 214
355 6 128
760 5 315
271 5 51
120 5 19
198 5 403
142 5 254
198 5 883
915 5 760
363 6 477
475 5 9
297 5 330
815 5 867
881 5 830
415 5 335
814 6 214
51 5 575
960 5 189
173 5 51
120 5 910
163 5 19
421 6 477
695 5 446
760 5 789
750 5 446
158 6 706
717 6 709
120 5 27
363 6 460
437 6 738
815 5 875
99 5 448
717 6 706
552 6 851
363 6 466
475 5 403
51 5 581
420 5 201
475 5 883
158 6 709
271 5 614
314 6 214
881 5 806
655 5 926
862 6 460
862 6 466
695 5 898
163 5 27
760 5 9
158 6 738
695 5 405
722 9 441
437 6 709
360 5 254
627 5 19
437 6 706
815 5 843
420 5 234
683 5 156
475 5 410
99 5 431
915 5 789
123 5 93
748 5 51
208 5 606
760 5 760
217 5 910
251 5 51
960 5 168
475 5 417
163 5 806
862 6 477
467 5 587
198 5 417
198 5 410
312 5 446
838 5 181
915 5 315
369 5 614
314 6 477
217 5 883
450 5 926
947 5 198
123 5 84
217 5 403
895 6 358
472 5 315
627 5 403
105 5 315
622 5 867
627 5 883
369 5 843
620 6 128
881 5 910
959 6 350
314 6 466
217 5 410
217 5 417
123 5 73
959 6 358
158 6 235
105 5 330
421 6 554
819 6 706
173 5 93
503 9 441
195 5 830
819 6 709
895 6 350
198 5 315
774 5 830
244 6 350
947 5 61
815 5 315
78 5 575
244 6 358
868 6 214
540 5 385
563 5 446
622 6 214
51 5 51
173 5 84
278 5 760
479 6 214
940 9 543
360 5 210
622 5 843
99 5 515
123 5 843
450 5 910
406 5 186
297 5 673
217 5 431
406 5 181
643 5 854
237 5 198
730 6 128
748 5 575
208 5 806
123 5 51
173 5 73
774 5 806
667 6 128
627 5 854
198 5 335
507 6 358
195 5 806
507 6 350
748 5 581
437 6 235
173 5 181
111 5 431
195 5 403
622 6 235
155 5 51
960 5 234
51 5 73
947 5 19
479 6 235
195 5 883
774 5 883
99 5 19
297 5 614
814 6 738
360 5 673
475 5 234
173 5 186
627 5 448
748 5 156
172 6 185
111 5 446
217 5 854
111 5 448
947 5 27
760 5 389
862 6 851
312 5 186
631 5 448
627 5 431
271 5 210
415 5 606
643 5 806
312 5 181
437 6 214
655 5 9
235 5 926
111 5 410
315 6 706
315 6 709
111 5 898
781 5 389
155 5 73
695 5 254
51 5 93
774 5 854
540 5 376
312 5 156
78 5 581
198 5 389
235 5 910
190 6 214
683 5 315
163 5 760
620 6 185
643 5 830
195 5 854
730 6 185
155 5 84
960 5 201
158 6 214
814 6 709
51 5 84
631 5 431
815 5 330
627 5 410
814 6 706
271 5 673
552 6 554
173 5 156
111 5 417
868 6 235
627 5 417
562 6 851
730 6 554
155 5 93
420 5 926
244 6 738
63 6 477
596 5 389
616 5 315
815 5 385
163 5 789
631 5 417
762 9 543
627 5 806
781 5 335
649 5 201
160 6 185
649 5 61
915 5 61
99 5 926
278 5 335
631 5 410
163 5 315
631 5 403
227 6 554
271 5 254
774 5 431
172 6 554
563 5 843
24 5 614
838 5 881
620 6 554
631 5 27
865 9 543
838 5 405
895 6 738
616 5 330
774 5 417
631 5 883
622 5 446
99 5 910
363 6 851
450 5 515
360 5 614
123 5 446
552 6 128
774 5 403
655 5 335
959 6 738
838 5 898
774 5 410
815 5 376
99 5 27
163 5 335
748 5 181
267 5 181
748 5 186
267 5 186
915 5 910
237 5 606
198 5 9
217 5 448
649 5 234
781 5 760
347 5 19
72 5 254
838 5 867
562 6 460
959 6 706
450 5 572
552 6 185
959 6 709
631 5 854
467 5 926
227 6 128
915 5 19
173 5 581
24 5 673
562 6 466
563 5 875
244 6 706
123 5 867
947 5 606
631 5 19
244 6 709
208 5 389
105 5 376
347 5 27
838 5 875
91 5 614
467 5 910
915 5 27
627 5 830
622 5 898
677 5 614
173 5 575
350 5 843
123 5 875
563 5 867
450 5 587
562 6 477
781 5 789
563 5 881
120 5 448
667 6 554
105 5 385
347 5 606
838 5 843
267 5 156
622 5 405
960 5 606
235 5 515
420 5 910
123 5 881
781 5 315
985 5 389
563 5 898
99 5 61
123 5 405
622 5 881
774 5 448
631 5 830
172 6 128
219 5 575
278 5 315
278 5 789
219 5 581
655 5 389
622 5 875
123 5 898
350 5 867
563 5 405
717 6 477
235 5 587
111 5 910
72 5 210
208 5 335
507 6 709
355 6 214
267 5 254
123 5 385
862 6 358
507 6 706
596 5 417
622 5 84
786 6 554
350 5 875
985 5 448
717 6 466
781 5 854
235 5 572
420 5 515
120 5 431
78 5 93
717 6 460
51 5 254
347 5 61
776 5 51
596 5 410
760 5 27
219 5 156
450 5 145
655 5 883
350 5 881
631 5 926
622 5 73
760 5 19
881 5 587
776 5 446
350 5 405
915 5 854
120 5 883
78 5 84
596 5 883
360 5 51
195 5 389
467 5 830
596 5 403
760 5 854
72 5 673
120 5 403
315 6 350
355 6 235
631 5 910
881 5 572
350 5 898
814 6 358
24 5 575
99 5 198
369 5 385
237 5 515
120 5 410
814 6 350
982 6 214
78 5 73
284 9 441
315 6 358
120 5 417
622 5 93
655 5 854
347 5 515
24 5 581
540 5 843
142 5 385
99 5 9
99 5 189
985 5 410
421 6 185
677 5 575
235 5 145
915 5 806
359 6 851
63 6 554
369 5 376
868 6 709
760 5 830
360 5 73
750 5 156
467 5 410
267 5 210
655 5 431
316 6 185
467 5 403
819 6 358
868 6 706
819 6 350
985 5 403
24 5 156
237 5 572
363 6 738
985 5 883
947 5 201
982 6 235
649 5 760
677 5 581
78 5 51
91 5 575
622 5 385
208 5 789
467 5 883
91 5 581
507 6 738
450 5 189
99 5 168
347 5 587
649 5 27
173 5 614
350 5 446
237 5 587
781 5 806
643 5 389
985 5 431
631 5 61
360 5 93
302 6 477
622 5 376
786 6 128
596 5 448
838 5 446
208 5 315
616 5 254
655 5 403
347 5 572
263 9 441
267 5 673
655 5 410
450 5 151
450 5 9
450 5 153
760 5 806
99 5 151
649 5 19
99 5 153
750 5 181
750 5 186
762 9 441
781 5 830
655 5 417
302 6 466
360 5 84
596 5 431
302 6 460
649 5 789
120 5 854
219 5 186
450 5 168
915 5 830
467 5 854
622 5 51
219 5 181
695 5 51
985 5 417
99 5 145
123 5 376
160 6 128
105 5 73
369 5 330
947 5 234
235 5 189
72 5 614
563 5 51
111 5 515
217 5 806
563 5 385
155 5 446
467 5 448
347 5 153
683 5 210
347 5 151
671 9 441
722 9 543
142 5 330
475 5 315
297 5 254
643 5 315
915 5 448
881 5 515
315 6 738
105 5 84
643 5 335
479 6 709
195 5 315
479 6 706
316 6 128
360 5 181
120 5 830
360 5 186
881 5 9
105 5 843
868 6 738
596 5 806
347 5 145
369 5 315
237 5 145
985 5 830
190 6 128
717 6 851
195 5 789
472 5 376
563 5 73
479 6 738
235 5 168
406 5 575
695 5 330
467 5 431
450 5 198
198 5 61
420 5 151
420 5 153
142 5 315
406 5 581
475 5 335
105 5 93
622 6 185
472 5 385
217 5 830
235 5 153
563 5 84
267 5 614
208 5 760
155 5 898
748 5 614
760 5 448
235 5 151
24 5 186
99 5 587
627 5 335
540 5 446
24 5 181
105 5 867
467 5 417
120 5 806
251 5 156
420 5 145
78 5 156
985 5 854
155 5 881
563 5 93
314 6 554
643 5 760
406 5 156
155 5 405
776 5 84
760 5 431
774 5 910
695 5 315
915 5 883
347 5 198
160 6 554
683 5 254
251 5 581
540 5 875
312 5 575
142 5 376
360 5 156
363 6 350
420 5 572
985 5 806
198 5 760
781 5 9
297 5 210
915 5 403
359 6 460
363 6 358
99 5 572
748 5 673
677 5 186
51 5 210
677 5 181
155 5 875
655 5 830
596 5 854
786 6 185
915 5 410
760 5 417
251 5 575
91 5 186
347 5 189
776 5 93
540 5 867
237 5 189
915 5 417
91 5 181
475 5 760
312 5 581
415 5 201
472 5 330
105 5 51
677 5 156
881 5 926
198 5 19
655 5 806
359 6 477
155 5 867
750 5 575
819 6 738
760 5 410
316 6 554
78 5 181
627 5 389
198 5 789
540 5 898
91 5 156
78 5 186
111 5 926
237 5 151
415 5 234
237 5 153
235 5 198
190 6 185
359 6 466
750 5 581
51 5 673
198 5 27
776 5 73
862 6 350
760 5 883
503 9 543
195 5 335
760 5 403
596 5 830
915 5 431
421 6 128
347 5 168
596 5 9
540 5 405
475 5 789
420 5 587
237 5 168
643 5 789
540 5 881
314 6 358
838 5 93
472 5 673
960 5 315
622 6 554
450 5 806
155 5 843
631 5 145
915 5 168
475 5 153
540 5 93
312 5 254
475 5 151
667 6 460
198 5 201
627 5 760
437 6 128
960 5 789
78 5 446
563 5 315
959 6 235
667 6 466
960 5 27
278 5 854
540 5 84
105 5 446
360 5 581
815 5 673
774 5 27
415 5 926
895 6 235
111 5 93
960 5 19
142 5 843
314 6 350
683 5 843
475 5 168
244 6 235
111 5 335
217 5 789
667 6 477
278 5 883
111 5 330
208 5 910
278 5 403
774 5 19
915 5 189
360 5 575
163 5 606
683 5 875
631 5 9
695 5 181
748 5 210
208 5 926
960 5 760
695 5 186
217 5 315
959 6 214
616 5 843
563 5 330
421 6 214
467 5 389
862 6 706
158 6 128
895 6 214
915 5 198
862 6 709
507 6 477
683 5 867
868 6 554
774 5 9
475 5 189
838 5 51
111 5 315
695 5 156
195 5 760
51 5 843
631 5 587
316 6 851
105 5 881
479 6 358
251 5 181
105 5 875
251 5 186
111 5 61
774 5 760
190 6 554
142 5 898
683 5 898
814 6 851
643 5 910
450 5 854
960 5 61
622 6 128
631 5 572
158 6 554
99 5 606
627 5 315
683 5 881
271 5 330
105 5 405
111 5 51
142 5 881
198 5 234
278 5 806
479 6 350
643 5 926
552 6 214
683 5 405
774 5 61
985 5 61
142 5 405
235 5 806
838 5 73
960 5 335
472 5 614
915 5 151
915 5 145
105 5 898
862 6 738
111 5 84
643 5 19
142 5 875
415 5 515
450 5 830
627 5 789
868 6 128
838 5 84
748 5 254
563 5 376
219 5 614
111 5 789
278 5 830
750 5 614
227 6 851
815 5 210
915 5 153
111 5 73
271 5 315
217 5 760
437 6 554
142 5 867
244 6 214
475 5 145
363 6 706
63 6 350
111 5 19
649 5 315
363 6 709
781 5 201
420 5 806
667 6 851
63 6 358
947 5 910
120 5 389
774 5 315
237 5 926
760 5 910
865 9 441
985 5 19
72 5 186
450 5 410
655 5 234
271 5 385
881 5 198
72 5 181
235 5 854
450 5 417
111 5 27
78 5 843
717 6 185
868 6 185
355 6 738
947 5 926
774 5 789
219 5 673
838 5 315
278 5 448
985 5 27
271 5 376
776 5 843
881 5 189
123 5 315
562 6 554
649 5 335
217 5 389
776 5 881
622 5 330
72 5 156
631 5 515
776 5 875
163 5 201
420 5 830
781 5 234
237 5 910
235 5 830
616 5 446
596 5 234
123 5 330
450 5 883
142 5 51
815 5 254
622 5 315
585 9 441
552 6 235
881 5 168
776 5 867
450 5 403
730 6 235
172 6 214
616 5 875
120 5 9
475 5 198
278 5 417
881 5 151
815 5 84
78 5 881
881 5 153
459 9 441
776 5 898
24 5 315
467 5 806
235 5 417
507 6 466
507 6 460
78 5 405
437 6 185
217 5 335
235 5 410
616 5 867
278 5 410
227 6 477
142 5 73
815 5 93
881 5 145
235 5 403
163 5 234
776 5 405
78 5 898
730 6 214
111 5 376
172 6 235
235 5 883
620 6 477
355 6 709
355 6 706
616 5 898
158 6 185
227 6 466
142 5 84
450 5 431
173 5 446
415 5 910
78 5 867
620 6 460
649 5 389
111 5 389
620 6 466
616 5 405
227 6 460
278 5 431
717 6 128
120 5 335
219 5 210
616 5 881
111 5 385
774 5 335
278 5 9
450 5 448
142 5 93
78 5 875
649 5 830
781 5 61
415 5 145
838 5 385
985 5 572
237 5 403
120 5 789
208 5 19
596 5 789
760 5 515
72 5 575
947 5 515
160 6 477
72 5 581
730 6 709
91 5 254
730 6 706
881 5 234
420 5 410
237 5 410
163 5 145
237 5 417
776 5 330
208 5 27
51 5 376
160 6 460
172 6 706
616 5 385
120 5 315
655 5 760
160 6 466
315 6 460
235 5 448
163 5 153
163 5 151
420 5 883
420 5 403
155 5 385
120 5 760
649 5 854
475 5 606
315 6 466
302 6 554
750 5 254
596 5 760
406 5 614
774 5 389
355 6 358
140 9 543
172 6 709
420 5 431
355 6 350
363 6 214
814 6 477
24 5 210
163 5 168
420 5 417
985 5 587
838 5 376
235 5 431
415 5 153
415 5 151
315 6 477
359 6 709
359 6 706
155 5 376
219 5 254
695 5 614
251 5 673
881 5 201
237 5 883
814 6 466
915 5 515
267 5 581
717 6 554
415 5 189
776 5 385
208 5 417
406 5 673
237 5 448
172 6 738
208 5 410
278 5 389
359 6 738
655 5 789
819 6 477
267 5 575
263 9 543
347 5 234
786 6 477
302 6 128
91 5 210
915 5 926
677 5 446
163 5 189
420 5 854
895 6 709
297 5 181
649 5 403
982 6 358
649 5 883
776 5 376
467 5 760
312 5 614
982 6 350
895 6 706
655 5 315
596 5 335
786 6 460
819 6 466
786 6 466
297 5 186
163 5 198
985 5 515
507 6 851
819 6 460
251 5 614
415 5 168
314 6 851
947 5 572
51 5 385
649 5 410
208 5 431
622 5 254
616 5 376
649 5 417
760 5 926
91 5 673
350 5 575
237 5 431
24 5 254
947 5 587
63 6 460
155 5 330
415 5 198
838 5 330
63 6 466
596 5 315
208 5 448
350 5 581
347 5 201
730 6 738
123 5 254
369 5 93
111 5 875
683 5 73
467 5 335
195 5 201
208 5 854
683 5 330
244 6 185
190 6 477
369 5 446
960 5 389
111 5 883
111 5 403
111 5 405
315 6 851
760 5 587
155 5 315
111 5 881
278 5 61
982 6 709
467 5 315
627 5 234
251 5 254
915 5 572
142 5 446
475 5 201
643 5 448
643 5 27
467 5 19
982 6 706
472 5 254
881 5 606
406 5 210
111 5 854
760 5 572
695 5 210
683 5 93
479 6 851
316 6 477
467 5 789
540 5 575
160 6 851
915 5 587
99 5 234
467 5 27
297 5 156
111 5 867
947 5 145
631 5 198
683 5 84
208 5 883
316 6 466
208 5 403
198 5 606
369 5 898
947 5 151
643 5 883
111 5 830
947 5 153
814 6 460
695 5 673
631 5 189
750 5 673
312 5 210
316 6 460
297 5 575
350 5 156
781 5 19
985 5 926
363 6 235
982 6 738
683 5 376
369 5 51
271 5 867
369 5 405
278 5 27
947 5 168
643 5 410
415 5 572
748 5 315
111 5 843
51 5 330
369 5 881
421 6 235
649 5 806
862 6 214
195 5 234
99 5 201
251 5 210
643 5 61
369 5 875
208 5 61
278 5 19
985 5 910
643 5 403
420 5 448
297 5 581
472 5 210
406 5 254
359 6 358
63 6 851
683 5 51
750 5 210
208 5 830
631 5 168
671 9 543
819 6 851
467 5 61
312 5 673
115 9 441
314 6 460
643 5 417
271 5 843
369 5 73
111 5 806
369 5 867
173 9 543
643 5 431
947 5 189
631 5 151
631 5 153
862 6 235
302 6 185
51 5 315
350 5 181
350 5 186
683 5 385
781 5 27
114 9 441
815 5 614
359 6 350
369 5 84
415 5 587
--------------------------------------
111 5 234
314 6 235
781 5 168
195 5 606
760 5 198
219 5 73
960 5 431
540 5 156
297 5 898
173 9 441
312 5 376
655 5 198
868 6 466
359 6 128
563 5 673
868 6 460
158 6 477
760 5 189
105 5 575
312 5 385
667 6 350
350 5 73
622 5 614
78 5 330
415 5 806
472 5 93
620 6 358
643 5 606
271 5 898
99 5 760
960 5 417
219 5 93
960 5 410
105 5 581
667 6 358
781 5 189
111 5 210
459 9 543
278 5 515
507 6 128
479 6 460
271 5 881
198 5 587
227 6 706
472 5 84
235 5 19
244 6 128
415 5 830
437 6 466
271 5 405
227 6 709
622 6 460
748 5 330
960 5 403
467 5 9
596 5 198
622 6 466
563 5 210
219 5 84
960 5 883
781 5 198
760 5 168
631 5 234
655 5 189
271 5 875
350 5 51
297 5 446
472 5 73
360 5 446
198 5 572
437 6 477
78 5 315
760 5 151
111 5 673
622 6 477
316 6 738
760 5 153
217 5 606
479 6 477
421 6 738
349 9 543
627 5 201
616 5 93
415 5 854
359 6 185
507 6 185
437 6 460
111 5 201
959 6 554
665 2 628
760 5 145
479 6 466
297 5 867
278 5 926
363 6 185
163 5 515
127 9 441
235 5 27
78 5 376
24 5 843
540 5 581
244 6 554
748 5 385
158 6 466
781 5 145
631 5 201
158 6 460
271 5 446
350 5 84
297 5 875
198 5 145
360 5 898
960 5 448
822 9 543
316 6 709
748 5 376
406 5 93
316 6 706
563 5 254
190 6 460
774 5 606
781 5 153
895 6 128
815 5 581
781 5 151
360 5 881
297 5 405
815 5 575
190 6 466
360 5 405
297 5 881
227 6 738
868 6 477
350 5 93
667 6 738
960 5 830
63 6 235
649 5 431
596 5 145
278 5 587
237 5 806
91 5 405
774 5 201
237 5 9
355 6 851
198 5 168
677 5 405
24 5 875
360 5 875
415 5 9
616 5 51
173 5 385
985 5 168
838 5 673
24 5 405
278 5 572
985 5 9
219 5 315
781 5 572
208 5 189
947 5 806
91 5 898
649 5 448
421 6 706
815 5 156
235 5 61
208 5 198
173 5 376
360 5 867
450 5 789
198 5 153
24 5 881
198 5 151
677 5 898
123 5 673
421 6 709
347 5 806
105 5 181
622 6 851
781 5 587
985 5 198
622 5 210
105 5 186
616 5 575
91 5 867
616 5 581
915 5 9
786 6 851
655 5 572
677 5 867
198 5 189
960 5 806
302 6 706
302 6 709
616 5 73
677 5 881
985 5 189
24 5 867
717 2 628
91 5 875
297 5 843
450 5 760
552 6 350
655 5 587
91 5 881
163 5 572
552 6 358
360 5 843
677 5 875
616 5 84
123 5 210
217 5 201
947 5 830
730 6 350
420 5 27
123 5 614
643 5 9
163 5 9
622 5 673
596 5 189
91 5 843
815 5 186
655 5 151
655 5 153
420 5 19
627 5 606
450 5 335
163 5 587
857 9 543
563 5 614
677 5 843
406 5 843
120 5 234
237 5 854
208 5 145
347 5 854
420 5 9
208 5 9
227 6 358
774 5 234
655 5 168
208 5 151
267 5 51
895 6 554
208 5 153
631 5 606
540 5 181
24 5 446
585 9 543
198 5 198
540 5 186
730 6 358
562 6 235
173 5 330
620 6 350
960 5 854
235 5 760
120 5 201
172 6 350
985 5 153
219 5 51
985 5 151
227 6 350
596 5 168
172 6 358
947 5 854
111 5 254
219 5 330
190 6 851
776 5 315
24 5 898
350 5 614
450 5 315
237 5 61
369 5 186
217 5 234
985 5 145
596 5 153
237 5 830
596 5 151
815 5 181
208 5 168
347 5 830
105 5 156
838 5 614
369 5 181
655 5 145
267 5 385
302 6 738
173 5 315
562 6 214
235 5 9
507 6 554
717 6 235
677 5 376
643 5 168
160 6 350
347 5 789
217 5 61
195 5 168
111 5 9
160 6 358
195 5 61
91 5 73
467 5 606
91 5 376
140 9 441
363 6 554
915 5 606
985 5 201
947 5 883
35 2 628
622 5 181
776 5 210
677 5 385
235 5 335
195 5 153
72 5 446
208 5 587
622 5 186
947 5 403
814 6 128
862 6 128
355 6 466
237 5 19
91 5 385
173 5 898
815 5 51
195 5 151
627 5 198
355 6 460
420 5 760
450 5 389
781 5 606
123 5 156
985 5 234
947 5 410
643 5 189
369 5 156
655 5 606
750 5 376
947 5 417
717 6 214
195 5 145
91 5 93
760 5 606
355 6 477
24 5 330
415 5 61
237 5 27
627 5 189
142 5 156
540 5 614
173 5 405
235 5 315
562 6 128
881 5 335
173 5 881
420 5 315
155 5 254
838 5 254
750 5 385
643 5 198
655 5 61
219 5 376
219 5 385
91 5 84
815 5 73
819 6 128
173 5 875
347 5 760
251 5 315
235 5 789
237 5 760
420 5 789
172 6 851
406 5 315
217 5 168
982 6 466
748 5 843
235 5 389
620 6 851
814 6 185
947 5 431
677 5 330
881 5 27
72 5 898
622 5 156
649 5 515
315 6 128
982 6 460
195 5 19
786 6 350
562 6 185
627 5 9
123 5 581
91 5 330
350 5 673
881 5 19
173 5 867
475 5 910
217 5 27
35 9 543
881 5 315
667 6 706
982 6 477
667 6 709
72 5 405
237 5 335
776 5 254
195 5 198
314 6 706
347 5 335
72 5 881
947 5 448
314 6 709
198 5 910
655 5 201
967 2 628
267 5 446
406 5 330
217 5 189
595 9 441
881 5 789
730 6 851
475 5 926
643 5 145
237 5 789
596 5 201
862 6 185
302 6 235
314 6 738
72 5 875
195 5 189
91 5 51
350 5 210
173 5 843
24 5 376
217 5 198
472 5 186
155 5 210
369 5 581
72 5 867
838 5 210
643 5 153
237 5 315
786 6 358
643 5 151
347 5 315
195 5 27
198 5 926
142 5 181
91 5 315
142 5 186
99 5 389
24 5 385
120 5 606
302 6 214
208 5 572
881 5 760
217 5 19
472 5 181
677 5 315
959 6 185
748 5 881
406 5 84
369 5 575
472 5 156
190 6 350
51 5 881
267 5 405
748 5 405
760 5 234
655 5 19
51 5 405
540 5 673
915 5 201
251 5 385
819 6 554
142 5 575
267 5 898
415 5 417
985 5 606
190 6 358
415 5 410
406 5 73
563 5 156
748 5 875
643 5 572
72 5 843
51 5 898
467 5 201
111 5 760
155 5 673
267 5 881
195 5 9
347 5 389
251 5 376
683 5 446
237 5 389
415 5 403
415 5 883
208 5 515
643 5 587
267 5 867
748 5 867
316 6 358
695 5 575
51 5 867
895 6 185
278 5 910
475 5 572
627 5 587
78 5 385
350 5 254
105 5 614
267 5 875
160 6 738
540 5 210
415 5 431
51 5 875
982 6 851
406 5 51
695 5 581
760 5 201
862 6 554
63 6 706
915 5 234
316 6 350
63 6 709
627 5 572
420 5 389
475 5 587
509 2 628
552 6 738
51 5 446
359 6 214
748 5 446
563 5 186
750 5 315
563 5 181
649 5 910
540 5 51
312 5 330
123 5 186
99 5 335
627 5 168
123 5 181
643 5 515
420 5 335
421 6 350
475 5 515
649 5 926
421 6 358
198 5 515
596 5 606
163 5 910
251 5 330
360 5 385
267 5 843
472 5 51
415 5 448
437 6 851
472 5 575
114 9 543
406 5 376
750 5 330
359 6 235
627 5 153
959 6 128
627 5 151
467 5 234
195 5 587
63 6 738
540 5 73
627 5 145
360 5 376
99 5 315
406 5 385
814 6 554
552 6 706
748 5 898
472 5 581
115 9 543
315 6 554
155 5 614
312 5 315
158 6 851
195 5 572
163 5 926
552 6 709
655 5 27
142 5 581
99 5 789
363 6 128
959 6 460
868 6 350
959 6 466
667 6 214
631 5 389
479 6 554
198 5 448
99 5 410
244 6 460
99 5 417
158 6 358
822 9 441
683 5 614
677 5 51
244 6 466
142 5 614
562 6 706
562 6 709
959 6 477
649 5 168
72 5 51
467 5 168
940 9 441
105 5 210
472 5 446
158 6 350
99 5 883
163 5 830
278 5 606
78 5 210
895 6 477
99 5 403
627 5 27
198 5 431
750 5 73
960 5 9
244 6 477
627 5 515
437 6 350
111 5 575
467 5 151
616 5 614
72 5 84
467 5 153
667 6 235
472 5 898
111 5 572
895 6 460
297 5 315
360 5 330
815 5 881
909 2 628
347 5 9
475 5 61
895 6 466
815 5 405
677 5 73
976 2 628
314 6 128
111 5 587
649 5 189
563 5 575
72 5 73
312 5 51
774 5 926
111 5 581
467 5 145
163 5 854
437 6 358
815 5 898
78 5 673
750 5 51
507 6 235
960 5 515
622 6 350
120 5 189
649 5 198
450 5 606
160 6 709
562 6 738
622 6 358
219 5 867
563 5 581
271 5 581
472 5 875
450 5 19
774 5 515
552 6 460
99 5 854
552 6 466
360 5 315
960 5 587
195 5 515
120 5 198
472 5 881
627 5 61
312 5 73
472 5 405
219 5 875
750 5 843
51 5 614
631 5 335
507 2 628
271 5 575
78 5 254
160 6 706
420 5 168
475 5 19
415 5 760
120 5 168
960 5 572
695 5 376
312 5 84
219 5 843
467 5 198
99 5 830
163 5 403
631 5 315
915 5 389
815 5 446
420 5 198
314 6 185
683 5 673
163 5 883
475 5 27
540 5 254
217 5 515
695 5 385
472 5 867
312 5 93
450 5 27
105 5 673
467 5 189
479 6 128
631 5 789
163 5 417
420 5 189
127 9 543
475 5 389
163 5 410
868 6 358
786 6 706
781 5 448
786 6 709
881 5 61
120 5 145
297 5 73
302 6 851
616 5 673
111 5 198
627 5 926
776 5 614
120 5 151
120 5 153
99 5 806
63 6 128
622 5 581
472 5 843
315 6 185
596 5 61
695 5 73
217 5 145
235 5 606
78 5 614
163 5 431
627 5 910
173 5 254
297 5 51
347 5 926
51 5 186
649 5 572
219 5 405
631 5 760
622 5 575
622 6 738
655 5 448
219 5 881
616 5 210
163 5 448
349 9 441
479 6 185
251 5 843
960 5 926
217 5 151
695 5 84
857 9 441
35 9 441
217 5 153
649 5 587
111 5 189
959 6 851
347 5 910
219 5 898
111 5 181
421 6 851
278 5 234
111 5 186
72 5 385
190 6 706
190 6 709
895 6 851
552 6 477
695 5 93
960 5 910
123 5 575
730 6 477
781 5 403
111 5 156
677 5 93
195 5 926
781 5 883
620 6 214
111 5 151
24 5 93
111 5 153
120 5 587
982 6 185
72 5 376
271 5 181
271 5 186
217 5 572
111 5 168
760 5 61
195 5 910
415 5 19
172 6 466
781 5 417
596 5 19
172 6 460
781 5 410
105 5 254
786 6 738
72 5 93
562 6 350
227 6 235
562 6 358
507 6 214
881 5 389
819 6 185
596 5 27
677 5 84
173 5 210
172 6 477
155 5 186
217 5 587
415 5 27
620 6 235
155 5 181
219 5 446
278 5 201
190 6 738
774 5 587
750 5 84
730 6 466
120 5 572
63 6 185
111 5 145
730 6 460
649 5 145
776 5 673
781 5 431
227 6 214
450 5 201
774 5 572
271 5 156
173 5 673
649 5 151
649 5 153
750 5 93
244 6 851
677 5 254
406 5 875
776 5 581
717 6 350
24 5 51
278 5 189
616 5 156
420 5 61
72 5 330
717 6 358
695 5 875
774 5 168
160 6 235
695 5 867
267 5 376
267 5 84
347 5 431
475 5 830
163 5 389
838 5 156
982 6 554
776 5 575
406 5 881
251 5 73
947 5 760
649 5 606
655 5 515
284 9 543
695 5 881
315 6 214
406 5 405
347 5 417
155 5 156
267 5 93
774 5 153
631 5 806
251 5 898
774 5 151
985 5 315
235 5 201
251 5 84
347 5 403
72 5 315
24 5 73
208 5 234
160 6 214
616 5 186
620 6 709
450 5 234
596 5 515
616 5 181
347 5 410
774 5 145
475 5 854
251 5 446
814 6 235
620 6 706
781 5 515
315 6 235
278 5 198
251 5 93
24 5 84
406 5 867
947 5 789
683 5 186
683 5 181
267 5 73
347 5 883
985 5 335
415 5 389
881 5 448
947 5 9
677 5 210
420 5 606
838 5 581
369 5 254
312 5 843
596 5 587
91 5 446
278 5 145
947 5 315
267 5 330
819 6 235
786 6 235
881 5 431
350 5 315
251 5 867
881 5 417
197 2 628
406 5 446
985 5 760
596 5 572
786 6 214
120 5 515
695 5 843
467 5 515
302 6 358
774 5 198
781 5 926
51 5 181
677 5 673
297 5 93
406 5 898
155 5 581
475 5 806
947 5 335
63 6 214
347 5 448
278 5 168
302 6 350
355 6 554
819 6 214
350 5 330
267 5 315
251 5 881
774 5 189
649 5 9
881 5 410
985 5 789
251 5 405
838 5 575
297 5 84
278 5 151
235 5 234
776 5 156
51 5 156
278 5 153
227 6 185
622 6 709
208 5 201
622 6 706
198 5 806
155 5 575
982 6 128
881 5 883
595 9 543
251 5 875
237 5 201
881 5 403
620 6 738
776 5 186
195 5 448
643 5 201
120 5 61
369 5 210
467 5 572
960 5 151
217 5 926
312 5 405
960 5 153
776 5 181
750 5 875
750 5 867
667 6 185
271 5 93
540 5 315
142 5 210
190 6 235
297 5 376
450 5 61
683 5 575
475 5 431
748 5 73
960 5 145
312 5 898
750 5 881
655 5 910
195 5 431
271 5 84
915 5 335
198 5 830
163 5 61
596 5 926
297 5 385
475 5 448
355 6 185
868 6 851
748 5 84
111 5 614
359 6 554
369 5 673
717 6 738
760 5 335
312 5 867
750 5 898
316 6 235
271 5 73
750 5 405
142 5 673
350 5 376
312 5 875
415 5 315
237 5 234
111 5 606
881 5 854
540 5 330
947 5 389
781 5 910
643 5 234
748 5 93
195 5 417
596 5 910
217 5 9
195 5 410
683 5 581
312 5 881
198 5 854
350 5 385
120 5 926
415 5 789
421 6 460
960 5 198
838 5 186
421 6 466
316 6 214
355 6 128
760 5 315
271 5 51
120 5 19
198 5 403
142 5 254
198 5 883
915 5 760
363 6 477
475 5 9
297 5 330
815 5 867
881 5 830
415 5 335
814 6 214
51 5 575
960 5 189
173 5 51
120 5 910
163 5 19
421 6 477
695 5 446
760 5 789
750 5 446
158 6 706
717 6 709
120 5 27
363 6 460
437 6 738
815 5 875
99 5 448
717 6 706
552 6 851
363 6 466
475 5 403
51 5 581
420 5 201
475 5 883
158 6 709
271 5 614
314 6 214
881 5 806
655 5 926
862 6 460
862 6 466
695 5 898
163 5 27
760 5 9
158 6 738
695 5 405
722 9 441
437 6 709
360 5 254
627 5 19
437 6 706
815 5 843
420 5 234
683 5 156
475 5 410
99 5 431
915 5 789
123 5 93
748 5 51
208 5 606
760 5 760
217 5 910
470 2 628
251 5 51
960 5 168
475 5 417
163 5 806
862 6 477
467 5 587
198 5 417
198 5 410
312 5 446
838 5 181
915 5 315
369 5 614
314 6 477
217 5 883
450 5 926
947 5 198
123 5 84
217 5 403
895 6 358
472 5 315
627 5 403
105 5 315
622 5 867
627 5 883
369 5 843
620 6 128
881 5 910
959 6 350
314 6 466
217 5 410
217 5 417
123 5 73
959 6 358
158 6 235
105 5 330
421 6 554
819 6 706
173 5 93
503 9 441
195 5 830
819 6 709
895 6 350
198 5 315
774 5 830
244 6 350
947 5 61
815 5 315
78 5 575
244 6 358
868 6 214
540 5 385
563 5 446
622 6 214
51 5 51
173 5 84
278 5 760
479 6 214
940 9 543
360 5 210
622 5 843
99 5 515
123 5 843
450 5 910
406 5 186
297 5 673
217 5 431
406 5 181
643 5 854
237 5 198
730 6 128
748 5 575
208 5 806
123 5 51
173 5 73
774 5 806
667 6 128
627 5 854
198 5 335
507 6 358
195 5 806
507 6 350
748 5 581
437 6 235
173 5 181
111 5 431
195 5 403
622 6 235
155 5 51
960 5 234
51 5 73
947 5 19
479 6 235
195 5 883
774 5 883
99 5 19
297 5 614
814 6 738
360 5 673
475 5 234
173 5 186
627 5 448
748 5 156
172 6 185
111 5 446
217 5 854
111 5 448
947 5 27
760 5 389
862 6 851
312 5 186
631 5 448
627 5 431
271 5 210
415 5 606
643 5 806
312 5 181
437 6 214
655 5 9
235 5 926
111 5 410
315 6 706
315 6 709
111 5 898
781 5 389
155 5 73
695 5 254
51 5 93
774 5 854
540 5 376
312 5 156
78 5 581
198 5 389
235 5 910
190 6 214
683 5 315
163 5 760
620 6 185
643 5 830
195 5 854
730 6 185
155 5 84
960 5 201
158 6 214
814 6 709
51 5 84
631 5 431
815 5 330
627 5 410
814 6 706
271 5 673
552 6 554
173 5 156
111 5 417
868 6 235
627 5 417
562 6 851
730 6 554
155 5 93
420 5 926
244 6 738
63 6 477
596 5 389
616 5 315
815 5 385
163 5 789
631 5 417
762 9 543
627 5 806
781 5 335
649 5 201
160 6 185
649 5 61
915 5 61
99 5 926
278 5 335
631 5 410
163 5 315
631 5 403
227 6 554
271 5 254
774 5 431
601 2 628
172 6 554
563 5 843
24 5 614
838 5 881
620 6 554
631 5 27
865 9 543
838 5 405
895 6 738
616 5 330
774 5 417
631 5 883
622 5 446
99 5 910
363 6 851
450 5 515
360 5 614
123 5 446
552 6 128
774 5 403
655 5 335
959 6 738
838 5 898
774 5 410
815 5 376
99 5 27
163 5 335
748 5 181
267 5 181
748 5 186
267 5 186
915 5 910
237 5 606
198 5 9
217 5 448
649 5 234
781 5 760
347 5 19
72 5 254
838 5 867
562 6 460
959 6 706
450 5 572
552 6 185
959 6 709
631 5 854
467 5 926
227 6 128
915 5 19
173 5 581
24 5 673
562 6 466
563 5 875
244 6 706
123 5 867
947 5 606
631 5 19
244 6 709
208 5 389
105 5 376
347 5 27
838 5 875
91 5 614
467 5 910
915 5 27
627 5 830
622 5 898
927 2 628
677 5 614
173 5 575
350 5 843
123 5 875
563 5 867
450 5 587
562 6 477
781 5 789
563 5 881
120 5 448
667 6 554
105 5 385
347 5 606
838 5 843
267 5 156
622 5 405
960 5 606
235 5 515
420 5 910
123 5 881
781 5 315
985 5 389
563 5 898
99 5 61
123 5 405
622 5 881
774 5 448
631 5 830
172 6 128
219 5 575
278 5 315
278 5 789
219 5 581
655 5 389
622 5 875
123 5 898
350 5 867
563 5 405
717 6 477
235 5 587
111 5 910
72 5 210
208 5 335
507 6 709
355 6 214
267 5 254
123 5 385
862 6 358
507 6 706
596 5 417
622 5 84
786 6 554
350 5 875
985 5 448
717 6 466
781 5 854
235 5 572
420 5 515
120 5 431
78 5 93
717 6 460
51 5 254
347 5 61
776 5 51
596 5 410
760 5 27
219 5 156
450 5 145
655 5 883
350 5 881
631 5 926
622 5 73
760 5 19
881 5 587
776 5 446
350 5 405
915 5 854
120 5 883
78 5 84
596 5 883
360 5 51
195 5 389
467 5 830
596 5 403
760 5 854
72 5 673
120 5 403
315 6 350
355 6 235
631 5 910
881 5 572
838 2 628
350 5 898
814 6 358
24 5 575
99 5 198
369 5 385
237 5 515
120 5 410
814 6 350
982 6 214
78 5 73
284 9 441
315 6 358
120 5 417
622 5 93
655 5 854
347 5 515
24 5 581
540 5 843
142 5 385
99 5 9
99 5 189
985 5 410
421 6 185
677 5 575
235 5 145
915 5 806
359 6 851
63 6 554
369 5 376
868 6 709
760 5 830
360 5 73
750 5 156
467 5 410
267 5 210
655 5 431
316 6 185
467 5 403
819 6 358
868 6 706
819 6 350
985 5 403
24 5 156
237 5 572
363 6 738
985 5 883
947 5 201
982 6 235
649 5 760
677 5 581
78 5 51
91 5 575
622 5 385
208 5 789
467 5 883
91 5 581
507 6 738
450 5 189
99 5 168
347 5 587
649 5 27
173 5 614
350 5 446
237 5 587
781 5 806
643 5 389
985 5 431
631 5 61
360 5 93
302 6 477
622 5 376
786 6 128
596 5 448
838 5 446
208 5 315
616 5 254
655 5 403
347 5 572
263 9 441
267 5 673
655 5 410
450 5 151
450 5 9
450 5 153
760 5 806
99 5 151
649 5 19
99 5 153
750 5 181
750 5 186
762 9 441
781 5 830
655 5 417
302 6 466
360 5 84
596 5 431
302 6 460
649 5 789
120 5 854
219 5 186
450 5 168
915 5 830
467 5 854
622 5 51
219 5 181
695 5 51
985 5 417
99 5 145
123 5 376
160 6 128
105 5 73
508 2 628
369 5 330
947 5 234
235 5 189
72 5 614
563 5 51
111 5 515
217 5 806
563 5 385
155 5 446
467 5 448
347 5 153
683 5 210
347 5 151
671 9 441
722 9 543
142 5 330
475 5 315
297 5 254
643 5 315
915 5 448
881 5 515
315 6 738
105 5 84
643 5 335
479 6 709
195 5 315
479 6 706
316 6 128
360 5 181
120 5 830
360 5 186
881 5 9
105 5 843
868 6 738
596 5 806
347 5 145
369 5 315
237 5 145
985 5 830
190 6 128
717 6 851
195 5 789
472 5 376
563 5 73
479 6 738
235 5 168
406 5 575
695 5 330
467 5 431
450 5 198
198 5 61
420 5 151
420 5 153
142 5 315
406 5 581
475 5 335
105 5 93
622 6 185
472 5 385
217 5 830
235 5 153
563 5 84
267 5 614
208 5 760
155 5 898
748 5 614
760 5 448
235 5 151
24 5 186
99 5 587
627 5 335
540 5 446
24 5 181
105 5 867
467 5 417
120 5 806
251 5 156
420 5 145
78 5 156
985 5 854
155 5 881
563 5 93
314 6 554
643 5 760
34 2 628
406 5 156
155 5 405
776 5 84
760 5 431
774 5 910
695 5 315
915 5 883
347 5 198
160 6 554
683 5 254
251 5 581
540 5 875
312 5 575
142 5 376
360 5 156
363 6 350
420 5 572
985 5 806
198 5 760
781 5 9
297 5 210
915 5 403
359 6 460
363 6 358
99 5 572
748 5 673
677 5 186
51 5 210
677 5 181
155 5 875
655 5 830
596 5 854
786 6 185
915 5 410
760 5 417
251 5 575
91 5 186
347 5 189
776 5 93
540 5 867
237 5 189
915 5 417
91 5 181
475 5 760
312 5 581
415 5 201
472 5 330
105 5 51
677 5 156
881 5 926
198 5 19
655 5 806
359 6 477
155 5 867
750 5 575
819 6 738
760 5 410
316 6 554
78 5 181
627 5 389
198 5 789
540 5 898
91 5 156
78 5 186
111 5 926
237 5 151
415 5 234
237 5 153
235 5 198
190 6 185
359 6 466
750 5 581
51 5 673
198 5 27
776 5 73
244 2 628
862 6 350
760 5 883
503 9 543
195 5 335
760 5 403
596 5 830
915 5 431
421 6 128
347 5 168
596 5 9
540 5 405
475 5 789
420 5 587
237 5 168
643 5 789
540 5 881
314 6 358
838 5 93
472 5 673
960 5 315
622 6 554
450 5 806
676 2 628
155 5 843
631 5 145
915 5 168
475 5 153
540 5 93
312 5 254
475 5 151
667 6 460
198 5 201
627 5 760
437 6 128
960 5 789
78 5 446
563 5 315
959 6 235
667 6 466
960 5 27
278 5 854
540 5 84
105 5 446
360 5 581
815 5 673
774 5 27
415 5 926
895 6 235
111 5 93
960 5 19
142 5 843
314 6 350
683 5 843
475 5 168
244 6 235
111 5 335
217 5 789
667 6 477
278 5 883
111 5 330
208 5 910
278 5 403
774 5 19
915 5 189
360 5 575
163 5 606
683 5 875
631 5 9
695 5 181
748 5 210
208 5 926
960 5 760
695 5 186
217 5 315
959 6 214
616 5 843
563 5 330
421 6 214
467 5 389
862 6 706
158 6 128
895 6 214
915 5 198
862 6 709
507 6 477
683 5 867
868 6 554
774 5 9
475 5 189
838 5 51
111 5 315
695 5 156
195 5 760
51 5 843
631 5 587
316 6 851
105 5 881
479 6 358
251 5 181
105 5 875
251 5 186
111 5 61
774 5 760
190 6 554
142 5 898
683 5 898
814 6 851
643 5 910
450 5 854
960 5 61
622 6 128
631 5 572
158 6 554
99 5 606
627 5 315
683 5 881
271 5 330
105 5 405
111 5 51
142 5 881
198 5 234
278 5 806
479 6 350
643 5 926
552 6 214
683 5 405
774 5 61
985 5 61
142 5 405
235 5 806
838 5 73
799 2 628
960 5 335
472 5 614
915 5 151
915 5 145
105 5 898
862 6 738
111 5 84
643 5 19
142 5 875
415 5 515
450 5 830
627 5 789
868 6 128
838 5 84
748 5 254
563 5 376
219 5 614
111 5 789
278 5 830
750 5 614
227 6 851
815 5 210
915 5 153
111 5 73
271 5 315
217 5 760
437 6 554
142 5 867
244 6 214
475 5 145
363 6 706
63 6 350
111 5 19
649 5 315
363 6 709
781 5 201
420 5 806
667 6 851
63 6 358
947 5 910
120 5 389
774 5 315
237 5 926
760 5 910
865 9 441
985 5 19
72 5 186
450 5 410
655 5 234
271 5 385
881 5 198
72 5 181
235 5 854
450 5 417
111 5 27
78 5 843
717 6 185
868 6 185
355 6 738
947 5 926
774 5 789
219 5 673
838 5 315
278 5 448
985 5 27
271 5 376
776 5 843
881 5 189
123 5 315
562 6 554
649 5 335
217 5 389
776 5 881
622 5 330
72 5 156
631 5 515
776 5 875
163 5 201
420 5 830
781 5 234
237 5 910
172 2 628
235 5 830
616 5 446
596 5 234
123 5 330
450 5 883
142 5 51
815 5 254
622 5 315
585 9 441
552 6 235
881 5 168
776 5 867
450 5 403
730 6 235
172 6 214
616 5 875
120 5 9
475 5 198
278 5 417
881 5 151
815 5 84
78 5 881
881 5 153
459 9 441
776 5 898
24 5 315
467 5 806
235 5 417
507 6 466
507 6 460
78 5 405
437 6 185
217 5 335
235 5 410
616 5 867
278 5 410
227 6 477
142 5 73
815 5 93
881 5 145
235 5 403
163 5 234
776 5 405
78 5 898
730 6 214
111 5 376
172 6 235
235 5 883
620 6 477
355 6 709
355 6 706
616 5 898
158 6 185
227 6 466
142 5 84
450 5 431
173 5 446
415 5 910
78 5 867
620 6 460
649 5 389
111 5 389
620 6 466
616 5 405
106 2 628
227 6 460
278 5 431
717 6 128
120 5 335
219 5 210
616 5 881
111 5 385
774 5 335
278 5 9
450 5 448
142 5 93
78 5 875
649 5 830
781 5 61
415 5 145
838 5 385
985 5 572
237 5 403
120 5 789
208 5 19
596 5 789
760 5 515
72 5 575
947 5 515
160 6 477
72 5 581
730 6 709
91 5 254
730 6 706
881 5 234
420 5 410
237 5 410
163 5 145
237 5 417
776 5 330
208 5 27
51 5 376
160 6 460
172 6 706
616 5 385
120 5 315
655 5 760
160 6 466
315 6 460
235 5 448
163 5 153
163 5 151
420 5 883
420 5 403
155 5 385
120 5 760
649 5 854
475 5 606
315 6 466
302 6 554
750 5 254
596 5 760
406 5 614
774 5 389
355 6 358
140 9 543
172 6 709
420 5 431
355 6 350
363 6 214
814 6 477
24 5 210
163 5 168
420 5 417
985 5 587
838 5 376
235 5 431
415 5 153
415 5 151
315 6 477
359 6 709
359 6 706
155 5 376
219 5 254
695 5 614
201 2 628
251 5 673
881 5 201
237 5 883
814 6 466
915 5 515
267 5 581
717 6 554
415 5 189
776 5 385
208 5 417
406 5 673
237 5 448
172 6 738
208 5 410
278 5 389
77 2 628
359 6 738
655 5 789
819 6 477
267 5 575
263 9 543
347 5 234
786 6 477
302 6 128
91 5 210
915 5 926
677 5 446
163 5 189
420 5 854
895 6 709
297 5 181
649 5 403
982 6 358
649 5 883
776 5 376
467 5 760
312 5 614
982 6 350
895 6 706
655 5 315
596 5 335
786 6 460
819 6 466
786 6 466
297 5 186
163 5 198
985 5 515
507 6 851
819 6 460
251 5 614
415 5 168
314 6 851
947 5 572
51 5 385
649 5 410
208 5 431
622 5 254
616 5 376
649 5 417
760 5 926
91 5 673
350 5 575
237 5 431
24 5 254
947 5 587
63 6 460
155 5 330
415 5 198
838 5 330
63 6 466
596 5 315
208 5 448
350 5 581
347 5 201
730 6 738
123 5 254
369 5 93
111 5 875
683 5 73
467 5 335
195 5 201
208 5 854
683 5 330
244 6 185
190 6 477
369 5 446
960 5 389
111 5 883
111 5 403
111 5 405
315 6 851
760 5 587
155 5 315
111 5 881
278 5 61
982 6 709
467 5 315
627 5 234
251 5 254
915 5 572
142 5 446
475 5 201
643 5 448
643 5 27
467 5 19
982 6 706
472 5 254
881 5 606
406 5 210
111 5 854
760 5 572
695 5 210
683 5 93
235 2 628
479 6 851
316 6 477
467 5 789
540 5 575
160 6 851
915 5 587
99 5 234
467 5 27
297 5 156
111 5 867
947 5 145
631 5 198
683 5 84
208 5 883
316 6 466
208 5 403
198 5 606
369 5 898
947 5 151
643 5 883
111 5 830
947 5 153
814 6 460
695 5 673
631 5 189
750 5 673
312 5 210
316 6 460
297 5 575
350 5 156
781 5 19
985 5 926
363 6 235
982 6 738
683 5 376
369 5 51
271 5 867
369 5 405
278 5 27
947 5 168
643 5 410
415 5 572
748 5 315
111 5 843
51 5 330
369 5 881
421 6 235
649 5 806
862 6 214
195 5 234
99 5 201
251 5 210
643 5 61
369 5 875
208 5 61
278 5 19
985 5 910
643 5 403
420 5 448
297 5 581
472 5 210
406 5 254
359 6 358
63 6 851
683 5 51
750 5 210
208 5 830
631 5 168
671 9 543
819 6 851
467 5 61
312 5 673
115 9 441
314 6 460
643 5 417
271 5 843
369 5 73
111 5 806
369 5 867
173 9 543
643 5 431
947 5 189
631 5 151
631 5 153
862 6 235
302 6 185
51 5 315
350 5 181
350 5 186
683 5 385
781 5 27
114 9 441
815 5 614
359 6 350
369 5 84
415 5 587
--------------------------------------
