766 1 969
903 1 969
551 1 582
536 1 202
358 1 582
6 1 969
903 1 202
125 1 582
104 1 969
634 1 202
416 1 582
963 1 969
604 1 202
985 1 202
822 1 582
134 1 582
985 1 969
104 1 202
416 1 969
963 1 202
604 1 969
112 1 202
748 1 582
340 1 202
6 1 202
112 1 969
358 1 969
340 1 969
766 1 202
578 1 202
358 1 202
551 1 202
748 1 969
125 1 202
578 1 969
979 1 582
551 1 969
759 1 582
748 1 202
536 1 582
72 1 582
604 1 582
416 1 202
985 1 582
617 1 969
822 1 202
634 1 582
617 1 202
963 1 582
617 1 582
134 1 202
822 1 969
104 1 582
340 1 582
634 1 969
134 1 969
536 1 969
759 1 202
578 1 582
903 1 582
72 1 202
112 1 582
979 1 969
766 1 582
759 1 969
125 1 969
6 1 582
72 1 969
979 1 202
--------------------------------------
434 0 398
766 1 969
336 0 398
903 1 969
551 1 582
536 1 202
358 1 582
722 0 398
6 1 969
903 1 202
125 1 582
104 1 969
634 1 202
416 1 582
963 1 969
555 0 398
604 1 202
985 1 202
822 1 582
134 1 582
985 1 969
104 1 202
416 1 969
963 1 202
365 0 398
345 0 398
604 1 969
58 0 398
112 1 202
748 1 582
340 1 202
6 1 202
112 1 969
358 1 969
260 0 398
340 1 969
766 1 202
578 1 202
150 0 398
358 1 202
551 1 202
748 1 969
125 1 202
90 0 398
578 1 969
979 1 582
551 1 969
759 1 582
875 0 398
748 1 202
536 1 582
72 1 582
604 1 582
416 1 202
985 1 582
617 1 969
822 1 202
634 1 582
617 1 202
933 0 398
963 1 582
617 1 582
335 0 398
134 1 202
822 1 969
488 0 398
104 1 582
340 1 582
634 1 969
134 1 969
821 0 398
801 0 398
536 1 969
759 1 202
578 1 582
903 1 582
72 1 202
112 1 582
979 1 969
766 1 582
759 1 969
125 1 969
884 0 398
6 1 582
754 0 398
72 1 969
979 1 202
--------------------------------------
766 1 969
358 1 582
352 1 32
6 1 969
352 1 119
446 1 4
416 1 582
549 1 32
951 1 119
335 1 32
985 1 202
341 1 662
962 1 4
326 1 4
104 1 202
680 1 662
472 1 662
884 1 32
594 1 4
112 1 202
748 1 582
340 1 202
963 1 119
617 1 32
697 1 119
898 1 32
617 1 119
530 1 662
472 1 32
680 1 4
358 1 202
378 1 32
894 1 32
125 1 202
875 0 398
72 1 582
604 1 582
416 1 202
985 1 582
771 1 32
549 1 662
190 1 119
446 1 32
97 1 4
617 1 202
933 0 398
963 1 582
617 1 582
378 1 119
634 1 969
64 1 119
2 1 119
781 1 32
505 1 119
139 1 662
536 1 969
511 1 4
898 1 119
453 1 32
72 1 202
112 1 582
97 1 662
335 1 662
680 1 32
64 1 662
680 1 119
531 1 662
336 0 398
97 1 32
378 1 662
903 1 202
341 1 4
125 1 582
55 1 119
634 1 202
781 1 4
555 0 398
604 1 202
182 1 119
822 1 582
894 1 119
883 1 662
771 1 4
453 1 4
963 1 202
64 1 4
68 1 32
260 0 398
551 1 202
748 1 969
578 1 969
979 1 582
962 1 662
759 1 582
341 1 32
531 1 4
326 1 662
299 1 4
822 1 202
335 0 398
134 1 202
190 1 4
335 1 4
378 1 4
104 1 582
352 1 4
68 1 4
963 1 662
2 1 32
759 1 202
903 1 582
594 1 119
771 1 662
139 1 4
884 0 398
6 1 582
979 1 202
883 1 32
551 1 582
505 1 32
883 1 119
549 1 119
697 1 32
722 0 398
104 1 969
299 1 662
335 1 119
472 1 4
68 1 662
951 1 32
182 1 4
182 1 662
134 1 582
985 1 969
55 1 662
416 1 969
153 1 119
365 0 398
345 0 398
898 1 662
190 1 662
781 1 662
967 1 32
139 1 119
894 1 4
6 1 202
505 1 662
112 1 969
358 1 969
340 1 969
153 1 32
766 1 202
578 1 202
150 0 398
967 1 119
536 1 582
963 1 32
884 1 662
446 1 119
530 1 4
883 1 4
505 1 4
697 1 4
617 1 969
634 1 582
182 1 32
488 0 398
453 1 119
352 1 662
299 1 32
801 0 398
511 1 119
962 1 119
766 1 582
898 1 4
125 1 969
754 0 398
72 1 969
434 0 398
530 1 32
617 1 4
903 1 969
446 1 662
536 1 202
453 1 662
511 1 662
326 1 119
951 1 4
967 1 662
153 1 4
963 1 969
771 1 119
781 1 119
594 1 662
326 1 32
531 1 32
604 1 969
58 0 398
341 1 119
153 1 662
2 1 662
884 1 4
139 1 32
472 1 119
90 0 398
549 1 4
551 1 969
594 1 32
748 1 202
894 1 662
697 1 662
530 1 119
2 1 4
190 1 32
55 1 32
963 1 4
97 1 119
967 1 4
822 1 969
617 1 662
884 1 119
962 1 32
340 1 582
531 1 119
134 1 969
821 0 398
55 1 4
951 1 662
578 1 582
979 1 969
68 1 119
64 1 32
759 1 969
299 1 119
511 1 32
--------------------------------------
450 4 565
735 4 565
138 4 196
766 1 969
659 4 196
777 4 196
358 1 582
352 1 32
6 1 969
352 1 119
604 4 565
446 1 4
416 1 582
549 1 32
973 4 196
951 1 119
335 1 32
985 1 202
341 1 662
594 4 565
962 1 4
326 1 4
888 4 196
104 1 202
680 1 662
472 1 662
405 4 196
884 1 32
594 1 4
112 1 202
956 4 565
748 1 582
340 1 202
963 1 119
617 1 32
120 4 196
697 1 119
898 1 32
290 4 196
617 1 119
530 1 662
840 4 565
96 4 565
472 1 32
680 1 4
358 1 202
378 1 32
894 1 32
125 1 202
113 4 196
845 4 565
875 0 398
72 1 582
674 4 196
39 4 196
604 1 582
416 1 202
985 1 582
771 1 32
477 4 196
549 1 662
190 1 119
57 4 565
446 1 32
97 1 4
437 4 196
617 1 202
933 0 398
631 4 565
963 1 582
617 1 582
879 4 565
378 1 119
428 4 565
634 1 969
64 1 119
2 1 119
781 1 32
658 4 196
570 4 196
505 1 119
139 1 662
536 1 969
999 4 196
511 1 4
898 1 119
453 1 32
72 1 202
112 1 582
97 1 662
335 1 662
680 1 32
620 4 565
64 1 662
680 1 119
531 1 662
290 4 565
968 4 565
336 0 398
97 1 32
378 1 662
594 4 196
903 1 202
341 1 4
125 1 582
55 1 119
634 1 202
781 1 4
555 0 398
604 1 202
182 1 119
834 4 565
822 1 582
894 1 119
883 1 662
233 4 565
771 1 4
453 1 4
71 4 196
963 1 202
777 4 565
64 1 4
68 1 32
505 4 565
57 4 196
260 0 398
973 4 565
783 4 565
551 1 202
748 1 969
464 4 196
578 1 969
979 1 582
962 1 662
759 1 582
341 1 32
455 4 565
531 1 4
570 4 565
449 4 565
604 4 196
326 1 662
77 4 565
299 1 4
426 4 565
822 1 202
735 4 196
651 4 565
335 0 398
674 4 565
134 1 202
190 1 4
335 1 4
378 1 4
104 1 582
440 4 196
352 1 4
68 1 4
956 4 196
963 1 662
2 1 32
759 1 202
903 1 582
594 1 119
631 4 196
771 1 662
139 1 4
603 4 196
778 4 565
477 4 565
884 0 398
6 1 582
979 1 202
888 4 565
869 4 196
883 1 32
798 4 565
551 1 582
277 4 565
505 1 32
883 1 119
233 4 196
767 4 196
549 1 119
697 1 32
722 0 398
440 4 565
108 4 196
104 1 969
473 4 565
299 1 662
335 1 119
472 1 4
68 1 662
951 1 32
845 4 196
182 1 4
182 1 662
869 4 565
134 1 582
985 1 969
55 1 662
39 4 565
416 1 969
153 1 119
999 4 565
365 0 398
345 0 398
898 1 662
190 1 662
781 1 662
967 1 32
139 1 119
894 1 4
6 1 202
505 1 662
112 1 969
358 1 969
428 4 196
340 1 969
153 1 32
766 1 202
578 1 202
150 0 398
739 4 196
967 1 119
536 1 582
963 1 32
884 1 662
446 1 119
120 4 565
530 1 4
883 1 4
505 1 4
697 1 4
414 4 196
617 1 969
659 4 565
634 1 582
455 4 196
182 1 32
488 0 398
453 1 119
142 4 196
96 4 196
352 1 662
299 1 32
801 0 398
511 1 119
962 1 119
405 4 565
651 4 196
766 1 582
898 1 4
125 1 969
810 4 565
754 0 398
72 1 969
437 4 565
434 0 398
530 1 32
142 4 565
426 4 196
617 1 4
903 1 969
446 1 662
536 1 202
453 1 662
511 1 662
326 1 119
951 1 4
967 1 662
153 1 4
963 1 969
449 4 196
771 1 119
781 1 119
594 1 662
739 4 565
778 4 196
798 4 196
326 1 32
450 4 196
138 4 565
531 1 32
277 4 196
464 4 565
603 4 565
783 4 196
604 1 969
58 0 398
658 4 565
341 1 119
77 4 196
473 4 196
879 4 196
153 1 662
2 1 662
884 1 4
139 1 32
472 1 119
834 4 196
90 0 398
549 1 4
551 1 969
594 1 32
748 1 202
894 1 662
697 1 662
840 4 196
767 4 565
530 1 119
108 4 565
2 1 4
190 1 32
55 1 32
963 1 4
810 4 196
968 4 196
97 1 119
967 1 4
822 1 969
617 1 662
884 1 119
962 1 32
340 1 582
531 1 119
505 4 196
134 1 969
821 0 398
620 4 196
113 4 565
55 1 4
951 1 662
578 1 582
414 4 565
979 1 969
68 1 119
64 1 32
759 1 969
71 4 565
299 1 119
511 1 32
--------------------------------------
735 4 565
138 4 196
618 1 446
358 1 582
352 1 32
604 4 565
549 1 30
446 1 4
549 1 32
951 1 119
323 1 716
240 1 716
862 1 420
335 1 32
985 1 202
58 1 420
256 1 420
962 1 4
326 1 4
888 4 196
104 1 202
680 1 662
347 1 882
323 1 30
376 1 716
112 1 202
340 1 202
217 1 30
617 1 32
120 4 196
898 1 32
532 1 716
530 1 662
840 4 565
403 1 30
613 1 446
508 1 420
680 1 4
358 1 202
894 1 32
125 1 202
618 1 420
947 1 716
907 1 716
845 4 565
728 1 446
72 1 582
674 4 196
39 4 196
381 1 30
985 1 582
350 1 716
190 1 119
57 4 565
97 1 4
862 1 882
916 1 30
933 0 398
459 1 882
58 1 882
631 4 565
256 1 882
879 4 565
106 1 882
860 1 446
634 1 969
64 1 119
725 1 882
781 1 32
658 4 196
347 1 420
570 4 196
815 1 30
511 1 4
453 1 32
883 1 716
72 1 202
112 1 582
613 1 420
508 1 446
577 1 716
680 1 32
305 1 446
620 4 565
64 1 662
680 1 119
290 4 565
968 4 565
613 1 30
594 4 196
903 1 202
341 1 4
660 1 30
125 1 582
634 1 202
43 1 446
555 0 398
182 1 119
834 4 565
822 1 582
459 1 420
894 1 119
883 1 662
8 1 420
883 1 420
453 1 4
106 1 420
862 1 30
577 1 420
860 1 420
907 1 420
532 1 882
828 1 30
777 4 565
347 1 446
64 1 4
505 4 565
613 1 882
260 0 398
305 1 420
973 4 565
783 4 565
551 1 202
748 1 969
347 1 30
979 1 582
256 1 716
862 1 716
907 1 30
326 1 662
58 1 446
43 1 420
997 1 716
299 1 4
822 1 202
459 1 446
335 0 398
106 1 446
883 1 882
335 1 4
8 1 446
104 1 582
577 1 882
376 1 30
860 1 882
907 1 882
956 4 196
2 1 32
725 1 716
903 1 582
594 1 119
771 1 662
618 1 30
139 1 4
778 4 565
477 4 565
884 0 398
305 1 882
6 1 582
840 1 716
979 1 202
869 4 196
916 1 882
277 4 565
468 1 882
505 1 32
376 1 446
65 1 716
660 1 716
323 1 446
440 4 565
104 1 969
299 1 662
472 1 4
58 1 30
532 1 446
869 4 565
134 1 582
985 1 969
55 1 662
613 1 716
58 1 716
153 1 119
381 1 716
345 0 398
341 1 716
967 1 32
139 1 119
894 1 4
6 1 202
112 1 969
428 4 196
340 1 969
153 1 32
578 1 202
323 1 420
402 1 30
739 4 196
376 1 420
468 1 420
967 1 119
536 1 582
532 1 30
120 4 565
530 1 4
414 4 196
659 4 565
634 1 582
8 1 882
577 1 446
142 4 196
96 4 196
299 1 32
801 0 398
532 1 420
962 1 119
907 1 446
815 1 716
459 1 30
651 4 196
72 1 969
437 4 565
323 1 882
758 1 30
530 1 32
426 4 196
468 1 446
617 1 4
376 1 882
916 1 446
536 1 202
951 1 4
967 1 662
594 1 662
798 4 196
326 1 32
863 1 420
758 1 716
603 4 565
604 1 969
217 1 716
658 4 565
65 1 30
473 4 196
153 1 662
2 1 662
472 1 119
916 1 420
90 0 398
551 1 969
748 1 202
697 1 662
767 4 565
530 1 119
256 1 446
108 4 565
862 1 446
2 1 4
55 1 32
810 4 196
968 4 196
97 1 119
967 1 4
822 1 969
962 1 32
815 1 882
531 1 119
113 4 565
728 1 30
863 1 446
578 1 582
979 1 969
759 1 969
71 4 565
106 1 716
299 1 119
8 1 716
256 1 30
450 4 565
766 1 969
659 4 196
458 1 882
43 1 30
777 4 196
828 1 882
6 1 969
352 1 119
997 1 30
842 1 420
416 1 582
973 4 196
549 1 882
737 1 420
381 1 420
341 1 662
341 1 420
464 1 446
65 1 446
594 4 565
737 1 30
660 1 420
815 1 420
472 1 662
405 4 196
847 1 446
884 1 32
594 1 4
956 4 565
748 1 582
217 1 882
758 1 882
963 1 119
350 1 30
697 1 119
290 1 446
290 4 196
617 1 119
96 4 565
472 1 32
378 1 32
113 4 196
458 1 420
863 1 30
403 1 446
875 0 398
947 1 30
828 1 420
604 1 582
416 1 202
771 1 32
477 4 196
842 1 446
549 1 662
549 1 420
446 1 32
437 4 196
617 1 202
737 1 882
381 1 882
341 1 882
963 1 582
617 1 582
378 1 119
660 1 882
428 4 565
2 1 119
461 1 716
863 1 882
505 1 119
139 1 662
536 1 969
999 4 196
106 1 30
758 1 420
898 1 119
97 1 662
335 1 662
458 1 446
531 1 662
336 0 398
97 1 32
378 1 662
860 1 30
55 1 119
549 1 716
781 1 4
464 1 882
604 1 202
847 1 882
815 1 446
468 1 716
737 1 446
290 1 30
233 4 565
65 1 882
771 1 4
71 4 196
828 1 716
963 1 202
402 1 716
68 1 32
217 1 446
57 4 196
381 1 446
464 4 196
578 1 969
962 1 662
759 1 582
341 1 32
455 4 565
531 1 4
570 4 565
341 1 30
758 1 446
449 4 565
604 4 196
464 1 420
77 4 565
847 1 420
426 4 565
735 4 196
651 4 565
577 1 30
616 1 716
674 4 565
134 1 202
660 1 446
190 1 4
65 1 420
378 1 4
440 4 196
842 1 30
916 1 716
352 1 4
68 1 4
963 1 662
725 1 30
863 1 716
217 1 420
759 1 202
631 4 196
603 4 196
464 1 30
8 1 30
888 4 565
847 1 716
461 1 446
883 1 32
798 4 565
305 1 30
551 1 582
883 1 30
616 1 420
883 1 119
233 4 196
767 4 196
549 1 119
697 1 32
722 0 398
108 4 196
473 4 565
43 1 882
335 1 119
68 1 662
951 1 32
845 4 196
290 1 716
182 1 4
468 1 30
182 1 662
39 4 565
402 1 882
416 1 969
999 4 565
365 0 398
898 1 662
190 1 662
781 1 662
240 1 420
505 1 662
358 1 969
766 1 202
150 0 398
616 1 30
461 1 420
616 1 882
997 1 882
842 1 716
847 1 30
963 1 32
884 1 662
840 1 30
446 1 119
883 1 4
505 1 4
697 1 4
617 1 969
508 1 716
403 1 716
455 4 196
182 1 32
488 0 398
728 1 716
453 1 119
305 1 716
352 1 662
618 1 716
840 1 882
511 1 119
883 1 446
947 1 446
405 4 565
766 1 582
240 1 446
898 1 4
125 1 969
810 4 565
754 0 398
350 1 446
860 1 716
434 0 398
142 4 565
618 1 882
403 1 420
458 1 30
903 1 969
461 1 882
446 1 662
728 1 420
997 1 420
828 1 446
453 1 662
511 1 662
326 1 119
947 1 420
153 1 4
963 1 969
449 4 196
771 1 119
781 1 119
458 1 716
739 4 565
778 4 196
290 1 882
450 4 196
138 4 565
531 1 32
277 4 196
725 1 420
549 1 446
840 1 420
464 4 565
783 4 196
402 1 446
58 0 398
347 1 716
616 1 446
341 1 119
350 1 420
43 1 716
77 4 196
879 4 196
884 1 4
459 1 716
139 1 32
403 1 882
834 4 196
549 1 4
728 1 882
594 1 32
894 1 662
737 1 716
997 1 446
842 1 882
840 4 196
947 1 882
725 1 446
190 1 32
341 1 446
963 1 4
508 1 30
240 1 30
617 1 662
884 1 119
290 1 420
840 1 446
340 1 582
505 4 196
134 1 969
821 0 398
620 4 196
402 1 420
55 1 4
951 1 662
240 1 882
414 4 565
68 1 119
64 1 32
464 1 716
461 1 30
350 1 882
508 1 882
511 1 32
--------------------------------------
735 4 565
138 4 196
618 1 446
165 7 732
358 1 582
352 1 32
522 7 732
604 4 565
549 1 30
446 1 4
549 1 32
951 1 119
323 1 716
240 1 716
985 7 732
862 1 420
335 1 32
985 1 202
58 1 420
256 1 420
962 1 4
326 1 4
888 4 196
104 1 202
680 1 662
347 1 882
323 1 30
376 1 716
112 1 202
340 1 202
217 1 30
617 1 32
120 4 196
898 1 32
532 1 716
530 1 662
840 4 565
403 1 30
613 1 446
508 1 420
680 1 4
358 1 202
894 1 32
125 1 202
618 1 420
947 1 716
907 1 716
845 4 565
728 1 446
72 1 582
674 4 196
39 4 196
381 1 30
985 1 582
350 1 716
190 1 119
57 4 565
97 1 4
862 1 882
916 1 30
933 0 398
459 1 882
58 1 882
631 4 565
256 1 882
879 4 565
106 1 882
860 1 446
634 1 969
64 1 119
725 1 882
781 1 32
658 4 196
347 1 420
570 4 196
815 1 30
511 1 4
453 1 32
883 1 716
72 1 202
112 1 582
613 1 420
508 1 446
577 1 716
680 1 32
305 1 446
620 4 565
64 1 662
680 1 119
290 4 565
968 4 565
613 1 30
594 4 196
820 7 732
903 1 202
341 1 4
660 1 30
125 1 582
634 1 202
43 1 446
555 0 398
182 1 119
834 4 565
822 1 582
459 1 420
894 1 119
883 1 662
8 1 420
883 1 420
453 1 4
106 1 420
77 7 732
862 1 30
577 1 420
860 1 420
907 1 420
532 1 882
828 1 30
777 4 565
347 1 446
64 1 4
505 4 565
613 1 882
260 0 398
305 1 420
973 4 565
783 4 565
551 1 202
748 1 969
347 1 30
979 1 582
256 1 716
862 1 716
907 1 30
326 1 662
58 1 446
43 1 420
997 1 716
299 1 4
822 1 202
459 1 446
335 0 398
106 1 446
883 1 882
335 1 4
8 1 446
104 1 582
577 1 882
376 1 30
860 1 882
907 1 882
956 4 196
2 1 32
725 1 716
903 1 582
594 1 119
771 1 662
618 1 30
139 1 4
778 4 565
477 4 565
588 7 732
884 0 398
305 1 882
6 1 582
840 1 716
979 1 202
869 4 196
916 1 882
277 4 565
468 1 882
505 1 32
376 1 446
65 1 716
660 1 716
323 1 446
440 4 565
104 1 969
299 1 662
253 7 732
472 1 4
58 1 30
532 1 446
869 4 565
134 1 582
985 1 969
55 1 662
613 1 716
58 1 716
153 1 119
381 1 716
345 0 398
341 1 716
967 1 32
139 1 119
894 1 4
205 7 732
6 1 202
112 1 969
428 4 196
340 1 969
153 1 32
578 1 202
323 1 420
402 1 30
517 7 732
739 4 196
376 1 420
468 1 420
967 1 119
536 1 582
532 1 30
120 4 565
530 1 4
414 4 196
659 4 565
634 1 582
419 7 732
897 7 732
8 1 882
577 1 446
142 4 196
96 4 196
128 7 732
299 1 32
801 0 398
532 1 420
962 1 119
907 1 446
815 1 716
459 1 30
811 7 732
651 4 196
72 1 969
437 4 565
323 1 882
758 1 30
530 1 32
426 4 196
468 1 446
617 1 4
376 1 882
916 1 446
51 7 732
536 1 202
951 1 4
967 1 662
201 7 732
594 1 662
798 4 196
326 1 32
863 1 420
758 1 716
603 4 565
604 1 969
217 1 716
658 4 565
65 1 30
523 7 732
473 4 196
911 7 732
153 1 662
2 1 662
472 1 119
916 1 420
90 0 398
551 1 969
748 1 202
848 7 732
691 7 732
697 1 662
767 4 565
530 1 119
256 1 446
193 7 732
108 4 565
862 1 446
2 1 4
55 1 32
810 4 196
968 4 196
97 1 119
967 1 4
822 1 969
962 1 32
815 1 882
531 1 119
582 7 732
113 4 565
728 1 30
863 1 446
750 7 732
578 1 582
979 1 969
759 1 969
71 4 565
106 1 716
299 1 119
8 1 716
256 1 30
450 4 565
78 7 732
766 1 969
659 4 196
458 1 882
43 1 30
777 4 196
828 1 882
6 1 969
352 1 119
997 1 30
842 1 420
416 1 582
973 4 196
549 1 882
737 1 420
381 1 420
341 1 662
341 1 420
464 1 446
65 1 446
594 4 565
737 1 30
660 1 420
815 1 420
472 1 662
405 4 196
847 1 446
884 1 32
594 1 4
956 4 565
748 1 582
217 1 882
758 1 882
963 1 119
350 1 30
697 1 119
290 1 446
290 4 196
617 1 119
96 4 565
472 1 32
378 1 32
113 4 196
458 1 420
863 1 30
403 1 446
875 0 398
947 1 30
828 1 420
604 1 582
416 1 202
771 1 32
477 4 196
842 1 446
549 1 662
549 1 420
446 1 32
437 4 196
617 1 202
737 1 882
381 1 882
341 1 882
963 1 582
617 1 582
378 1 119
724 7 732
660 1 882
428 4 565
2 1 119
461 1 716
863 1 882
505 1 119
284 7 732
139 1 662
536 1 969
999 4 196
106 1 30
758 1 420
898 1 119
97 1 662
99 7 732
335 1 662
458 1 446
531 1 662
336 0 398
97 1 32
378 1 662
860 1 30
55 1 119
549 1 716
781 1 4
464 1 882
604 1 202
847 1 882
815 1 446
732 7 732
468 1 716
737 1 446
290 1 30
233 4 565
65 1 882
771 1 4
71 4 196
828 1 716
963 1 202
402 1 716
68 1 32
217 1 446
57 4 196
381 1 446
464 4 196
578 1 969
962 1 662
759 1 582
341 1 32
455 4 565
531 1 4
570 4 565
341 1 30
758 1 446
449 4 565
604 4 196
464 1 420
77 4 565
847 1 420
426 4 565
735 4 196
651 4 565
577 1 30
616 1 716
674 4 565
134 1 202
660 1 446
190 1 4
65 1 420
378 1 4
148 7 732
440 4 196
842 1 30
916 1 716
403 7 732
352 1 4
68 1 4
963 1 662
725 1 30
863 1 716
217 1 420
759 1 202
631 4 196
603 4 196
464 1 30
8 1 30
888 4 565
847 1 716
461 1 446
883 1 32
798 4 565
305 1 30
551 1 582
883 1 30
616 1 420
883 1 119
233 4 196
988 7 732
767 4 196
549 1 119
697 1 32
722 0 398
108 4 196
473 4 565
43 1 882
335 1 119
68 1 662
951 1 32
845 4 196
290 1 716
182 1 4
468 1 30
182 1 662
982 7 732
39 4 565
402 1 882
416 1 969
999 4 565
365 0 398
898 1 662
190 1 662
781 1 662
240 1 420
505 1 662
358 1 969
766 1 202
150 0 398
616 1 30
461 1 420
616 1 882
997 1 882
842 1 716
847 1 30
963 1 32
884 1 662
840 1 30
446 1 119
883 1 4
505 1 4
697 1 4
617 1 969
508 1 716
403 1 716
707 7 732
455 4 196
182 1 32
488 0 398
728 1 716
453 1 119
305 1 716
352 1 662
618 1 716
840 1 882
511 1 119
883 1 446
947 1 446
405 4 565
766 1 582
240 1 446
898 1 4
125 1 969
810 4 565
754 0 398
350 1 446
860 1 716
434 0 398
142 4 565
618 1 882
403 1 420
458 1 30
903 1 969
461 1 882
446 1 662
728 1 420
997 1 420
828 1 446
453 1 662
511 1 662
326 1 119
947 1 420
153 1 4
963 1 969
496 7 732
449 4 196
771 1 119
781 1 119
458 1 716
739 4 565
778 4 196
290 1 882
450 4 196
138 4 565
531 1 32
277 4 196
725 1 420
549 1 446
840 1 420
464 4 565
783 4 196
402 1 446
546 7 732
58 0 398
347 1 716
616 1 446
341 1 119
503 7 732
350 1 420
43 1 716
77 4 196
879 4 196
884 1 4
459 1 716
139 1 32
403 1 882
834 4 196
549 1 4
728 1 882
594 1 32
894 1 662
737 1 716
997 1 446
842 1 882
840 4 196
947 1 882
725 1 446
190 1 32
341 1 446
20 7 732
963 1 4
508 1 30
240 1 30
113 7 732
617 1 662
884 1 119
290 1 420
840 1 446
340 1 582
505 4 196
134 1 969
821 0 398
620 4 196
402 1 420
328 7 732
55 1 4
951 1 662
240 1 882
414 4 565
68 1 119
64 1 32
464 1 716
461 1 30
350 1 882
508 1 882
511 1 32
--------------------------------------
618 1 446
165 7 732
358 1 582
352 1 32
522 7 732
549 1 30
446 1 4
757 4 66
549 1 32
951 1 119
323 1 716
240 1 716
985 7 732
988 4 66
862 1 420
335 1 32
985 1 202
58 1 420
256 1 420
962 1 4
959 4 66
326 1 4
126 4 66
104 1 202
680 1 662
347 1 882
323 1 30
376 1 716
112 1 202
340 1 202
217 1 30
617 1 32
898 1 32
532 1 716
530 1 662
403 1 30
613 1 446
508 1 420
680 1 4
358 1 202
894 1 32
125 1 202
618 1 420
947 1 716
907 1 716
728 1 446
72 1 582
381 1 30
985 1 582
350 1 716
190 1 119
97 1 4
862 1 882
916 1 30
933 0 398
459 1 882
58 1 882
256 1 882
106 1 882
860 1 446
634 1 969
64 1 119
725 1 882
781 1 32
347 1 420
815 1 30
511 1 4
453 1 32
883 1 716
72 1 202
112 1 582
613 1 420
508 1 446
577 1 716
680 1 32
305 1 446
64 1 662
680 1 119
613 1 30
820 7 732
736 4 66
903 1 202
341 1 4
660 1 30
125 1 582
634 1 202
43 1 446
421 4 66
555 0 398
182 1 119
822 1 582
459 1 420
894 1 119
883 1 662
8 1 420
883 1 420
453 1 4
106 1 420
77 7 732
862 1 30
577 1 420
860 1 420
907 1 420
532 1 882
828 1 30
347 1 446
64 1 4
613 1 882
260 0 398
305 1 420
551 1 202
748 1 969
347 1 30
979 1 582
256 1 716
510 4 66
947 4 66
862 1 716
907 1 30
326 1 662
58 1 446
43 1 420
997 1 716
299 1 4
822 1 202
459 1 446
335 0 398
106 1 446
883 1 882
335 1 4
8 1 446
104 1 582
577 1 882
376 1 30
860 1 882
907 1 882
2 1 32
725 1 716
903 1 582
594 1 119
771 1 662
618 1 30
139 1 4
588 7 732
884 0 398
305 1 882
6 1 582
840 1 716
979 1 202
916 1 882
468 1 882
505 1 32
376 1 446
65 1 716
660 1 716
323 1 446
104 1 969
299 1 662
253 7 732
472 1 4
58 1 30
532 1 446
134 1 582
129 4 66
985 1 969
55 1 662
613 1 716
58 1 716
153 1 119
381 1 716
345 0 398
341 1 716
967 1 32
139 1 119
775 4 66
894 1 4
205 7 732
6 1 202
112 1 969
729 4 66
340 1 969
153 1 32
561 4 66
578 1 202
323 1 420
402 1 30
517 7 732
376 1 420
468 1 420
325 4 66
967 1 119
536 1 582
532 1 30
530 1 4
501 4 66
634 1 582
508 4 66
419 7 732
897 7 732
212 4 66
8 1 882
577 1 446
917 4 66
128 7 732
299 1 32
801 0 398
532 1 420
962 1 119
907 1 446
815 1 716
459 1 30
811 7 732
72 1 969
323 1 882
758 1 30
530 1 32
468 1 446
617 1 4
376 1 882
916 1 446
51 7 732
536 1 202
951 1 4
967 1 662
201 7 732
594 1 662
326 1 32
817 4 66
895 4 66
863 1 420
758 1 716
604 1 969
217 1 716
65 1 30
523 7 732
911 7 732
153 1 662
2 1 662
472 1 119
916 1 420
90 0 398
551 1 969
748 1 202
848 7 732
691 7 732
697 1 662
530 1 119
256 1 446
193 7 732
538 4 66
862 1 446
2 1 4
777 4 66
55 1 32
97 1 119
967 1 4
822 1 969
962 1 32
815 1 882
531 1 119
582 7 732
728 1 30
863 1 446
415 4 66
750 7 732
578 1 582
979 1 969
759 1 969
106 1 716
299 1 119
8 1 716
256 1 30
78 7 732
766 1 969
458 1 882
43 1 30
828 1 882
6 1 969
352 1 119
997 1 30
842 1 420
416 1 582
549 1 882
737 1 420
381 1 420
341 1 662
341 1 420
464 1 446
65 1 446
737 1 30
660 1 420
815 1 420
472 1 662
847 1 446
884 1 32
594 1 4
748 1 582
217 1 882
758 1 882
963 1 119
350 1 30
697 1 119
290 1 446
617 1 119
759 4 66
472 1 32
378 1 32
458 1 420
863 1 30
403 1 446
875 0 398
947 1 30
828 1 420
604 1 582
416 1 202
771 1 32
842 1 446
549 1 662
549 1 420
446 1 32
617 1 202
737 1 882
381 1 882
341 1 882
963 1 582
617 1 582
378 1 119
724 7 732
660 1 882
2 1 119
461 1 716
863 1 882
505 1 119
284 7 732
139 1 662
536 1 969
106 1 30
758 1 420
898 1 119
97 1 662
99 7 732
335 1 662
458 1 446
531 1 662
336 0 398
97 1 32
904 4 66
378 1 662
860 1 30
55 1 119
549 1 716
781 1 4
464 1 882
604 1 202
847 1 882
815 1 446
732 7 732
468 1 716
465 4 66
737 1 446
290 1 30
65 1 882
771 1 4
828 1 716
470 4 66
963 1 202
402 1 716
68 1 32
217 1 446
381 1 446
578 1 969
150 4 66
962 1 662
759 1 582
341 1 32
941 4 66
531 1 4
341 1 30
758 1 446
464 1 420
847 1 420
577 1 30
616 1 716
134 1 202
660 1 446
190 1 4
65 1 420
378 1 4
226 4 66
148 7 732
842 1 30
916 1 716
403 7 732
352 1 4
68 1 4
963 1 662
725 1 30
863 1 716
217 1 420
759 1 202
195 4 66
464 1 30
8 1 30
847 1 716
461 1 446
883 1 32
305 1 30
130 4 66
551 1 582
883 1 30
358 4 66
616 1 420
883 1 119
988 7 732
549 1 119
697 1 32
722 0 398
43 1 882
335 1 119
68 1 662
951 1 32
290 1 716
182 1 4
468 1 30
182 1 662
462 4 66
982 7 732
402 1 882
416 1 969
365 0 398
898 1 662
190 1 662
781 1 662
240 1 420
505 1 662
358 1 969
766 1 202
150 0 398
616 1 30
461 1 420
616 1 882
997 1 882
842 1 716
847 1 30
963 1 32
884 1 662
840 1 30
446 1 119
883 1 4
505 1 4
697 1 4
617 1 969
508 1 716
403 1 716
707 7 732
182 1 32
488 0 398
728 1 716
453 1 119
305 1 716
218 4 66
352 1 662
618 1 716
840 1 882
511 1 119
883 1 446
947 1 446
766 1 582
240 1 446
898 1 4
125 1 969
754 0 398
350 1 446
860 1 716
519 4 66
434 0 398
618 1 882
403 1 420
458 1 30
903 1 969
461 1 882
446 1 662
728 1 420
997 1 420
828 1 446
453 1 662
511 1 662
326 1 119
947 1 420
153 1 4
963 1 969
496 7 732
266 4 66
771 1 119
781 1 119
458 1 716
290 1 882
454 4 66
531 1 32
725 1 420
549 1 446
840 1 420
402 1 446
546 7 732
723 4 66
58 0 398
347 1 716
616 1 446
341 1 119
503 7 732
364 4 66
350 1 420
43 1 716
884 1 4
459 1 716
139 1 32
403 1 882
549 1 4
85 4 66
728 1 882
594 1 32
894 1 662
737 1 716
997 1 446
842 1 882
947 1 882
110 4 66
725 1 446
190 1 32
469 4 66
341 1 446
20 7 732
963 1 4
508 1 30
240 1 30
113 7 732
617 1 662
884 1 119
290 1 420
840 1 446
340 1 582
134 1 969
821 0 398
402 1 420
328 7 732
55 1 4
951 1 662
240 1 882
68 1 119
64 1 32
464 1 716
461 1 30
350 1 882
508 1 882
511 1 32
--------------------------------------
618 1 446
165 7 732
358 1 582
352 1 32
522 7 732
549 1 30
446 1 4
757 4 66
549 1 32
951 1 119
323 1 716
240 1 716
985 7 732
988 4 66
657 9 821
862 1 420
335 1 32
985 1 202
58 1 420
256 1 420
962 1 4
959 4 66
326 1 4
181 9 528
126 4 66
104 1 202
680 1 662
755 9 275
347 1 882
323 1 30
376 1 716
112 1 202
340 1 202
771 9 204
217 1 30
617 1 32
553 9 821
898 1 32
532 1 716
530 1 662
403 1 30
613 1 446
508 1 420
680 1 4
358 1 202
894 1 32
125 1 202
618 1 420
947 1 716
907 1 716
279 9 821
728 1 446
72 1 582
771 9 564
755 9 488
998 9 488
381 1 30
985 1 582
350 1 716
190 1 119
97 1 4
862 1 882
68 9 528
916 1 30
933 0 398
459 1 882
58 1 882
256 1 882
268 9 821
106 1 882
860 1 446
634 1 969
64 1 119
725 1 882
200 9 528
781 1 32
347 1 420
815 1 30
733 9 528
511 1 4
453 1 32
883 1 716
72 1 202
112 1 582
613 1 420
508 1 446
577 1 716
680 1 32
305 1 446
64 1 662
680 1 119
613 1 30
820 7 732
397 9 528
736 4 66
903 1 202
341 1 4
660 1 30
125 1 582
462 9 528
634 1 202
670 9 275
43 1 446
421 4 66
555 0 398
68 9 821
182 1 119
822 1 582
459 1 420
894 1 119
883 1 662
8 1 420
883 1 420
181 9 204
453 1 4
106 1 420
77 7 732
862 1 30
577 1 420
860 1 420
907 1 420
532 1 882
828 1 30
293 9 528
200 9 821
145 9 821
181 9 564
347 1 446
64 1 4
771 9 528
613 1 882
260 0 398
305 1 420
551 1 202
748 1 969
347 1 30
979 1 582
256 1 716
755 9 564
510 4 66
947 4 66
755 9 204
862 1 716
998 9 204
907 1 30
998 9 564
326 1 662
226 9 821
58 1 446
293 9 564
43 1 420
997 1 716
293 9 204
299 1 4
252 9 275
822 1 202
459 1 446
335 0 398
106 1 446
883 1 882
335 1 4
8 1 446
104 1 582
577 1 882
376 1 30
745 9 275
860 1 882
907 1 882
2 1 32
725 1 716
903 1 582
594 1 119
397 9 564
771 1 662
618 1 30
139 1 4
733 9 564
588 7 732
884 0 398
305 1 882
6 1 582
840 1 716
979 1 202
733 9 204
916 1 882
468 1 882
505 1 32
376 1 446
397 9 204
65 1 716
660 1 716
323 1 446
104 1 969
299 1 662
253 7 732
472 1 4
58 1 30
19 9 275
532 1 446
134 1 582
129 4 66
985 1 969
55 1 662
613 1 716
58 1 716
153 1 119
381 1 716
181 9 488
536 9 821
345 0 398
341 1 716
967 1 32
139 1 119
775 4 66
462 9 204
894 1 4
205 7 732
6 1 202
462 9 564
112 1 969
729 4 66
340 1 969
153 1 32
561 4 66
578 1 202
323 1 420
755 9 528
402 1 30
517 7 732
376 1 420
468 1 420
325 4 66
181 9 275
967 1 119
536 1 582
745 9 488
532 1 30
200 9 488
530 1 4
293 9 488
501 4 66
634 1 582
508 4 66
419 7 732
897 7 732
212 4 66
8 1 882
577 1 446
917 4 66
128 7 732
299 1 32
801 0 398
532 1 420
962 1 119
907 1 446
815 1 716
459 1 30
811 7 732
771 9 821
397 9 488
72 1 969
252 9 488
733 9 488
323 1 882
758 1 30
530 1 32
468 1 446
617 1 4
376 1 882
916 1 446
51 7 732
536 1 202
92 9 275
951 1 4
967 1 662
201 7 732
733 9 275
594 1 662
326 1 32
817 4 66
895 4 66
863 1 420
758 1 716
998 9 275
604 1 969
217 1 716
65 1 30
523 7 732
462 9 488
911 7 732
153 1 662
2 1 662
472 1 119
916 1 420
90 0 398
551 1 969
748 1 202
848 7 732
745 9 564
691 7 732
745 9 204
200 9 564
697 1 662
530 1 119
462 9 275
256 1 446
193 7 732
397 9 275
538 4 66
862 1 446
2 1 4
777 4 66
55 1 32
97 1 119
967 1 4
822 1 969
962 1 32
815 1 882
531 1 119
145 9 528
582 7 732
728 1 30
863 1 446
415 4 66
92 9 488
200 9 204
750 7 732
578 1 582
979 1 969
293 9 275
759 1 969
252 9 564
106 1 716
299 1 119
8 1 716
256 1 30
252 9 204
78 7 732
252 9 528
766 1 969
458 1 882
43 1 30
828 1 882
755 9 821
6 1 969
352 1 119
997 1 30
842 1 420
416 1 582
549 1 882
737 1 420
381 1 420
341 1 662
341 1 420
464 1 446
65 1 446
737 1 30
660 1 420
815 1 420
268 9 488
553 9 275
472 1 662
847 1 446
884 1 32
594 1 4
748 1 582
217 1 882
758 1 882
657 9 275
963 1 119
350 1 30
697 1 119
290 1 446
617 1 119
759 4 66
472 1 32
378 1 32
458 1 420
863 1 30
745 9 528
403 1 446
875 0 398
947 1 30
828 1 420
145 9 564
604 1 582
279 9 275
416 1 202
771 1 32
842 1 446
549 1 662
549 1 420
657 9 488
446 1 32
617 1 202
737 1 882
381 1 882
341 1 882
963 1 582
617 1 582
92 9 204
378 1 119
724 7 732
660 1 882
2 1 119
461 1 716
536 9 528
863 1 882
92 9 564
505 1 119
284 7 732
139 1 662
145 9 204
536 1 969
106 1 30
758 1 420
898 1 119
553 9 488
97 1 662
99 7 732
268 9 275
335 1 662
19 9 204
19 9 564
458 1 446
531 1 662
336 0 398
97 1 32
904 4 66
378 1 662
860 1 30
279 9 488
55 1 119
549 1 716
781 1 4
464 1 882
226 9 488
604 1 202
847 1 882
815 1 446
732 7 732
468 1 716
465 4 66
737 1 446
290 1 30
65 1 882
771 1 4
828 1 716
470 4 66
963 1 202
402 1 716
68 1 32
217 1 446
200 9 275
145 9 275
381 1 446
578 1 969
150 4 66
962 1 662
759 1 582
341 1 32
941 4 66
226 9 275
531 1 4
341 1 30
758 1 446
145 9 488
464 1 420
847 1 420
577 1 30
616 1 716
134 1 202
660 1 446
68 9 275
536 9 564
536 9 204
190 1 4
65 1 420
378 1 4
226 4 66
92 9 528
148 7 732
842 1 30
916 1 716
403 7 732
352 1 4
68 1 4
963 1 662
725 1 30
863 1 716
217 1 420
759 1 202
195 4 66
670 9 821
464 1 30
8 1 30
19 9 488
745 9 821
847 1 716
461 1 446
883 1 32
536 9 275
305 1 30
130 4 66
551 1 582
883 1 30
358 4 66
616 1 420
883 1 119
988 7 732
553 9 564
549 1 119
697 1 32
279 9 204
722 0 398
279 9 564
226 9 204
226 9 564
43 1 882
335 1 119
68 1 662
951 1 32
290 1 716
182 1 4
468 1 30
182 1 662
462 4 66
982 7 732
402 1 882
416 1 969
365 0 398
898 1 662
190 1 662
268 9 528
781 1 662
19 9 821
240 1 420
670 9 488
505 1 662
358 1 969
766 1 202
252 9 821
150 0 398
616 1 30
68 9 488
461 1 420
998 9 528
616 1 882
997 1 882
842 1 716
847 1 30
963 1 32
884 1 662
840 1 30
446 1 119
883 1 4
505 1 4
697 1 4
617 1 969
508 1 716
403 1 716
657 9 528
707 7 732
181 9 821
536 9 488
182 1 32
488 0 398
728 1 716
453 1 119
305 1 716
218 4 66
352 1 662
618 1 716
771 9 275
840 1 882
511 1 119
883 1 446
947 1 446
553 9 528
766 1 582
240 1 446
898 1 4
125 1 969
754 0 398
350 1 446
860 1 716
519 4 66
434 0 398
618 1 882
998 9 821
403 1 420
458 1 30
903 1 969
461 1 882
279 9 528
446 1 662
728 1 420
997 1 420
828 1 446
453 1 662
511 1 662
326 1 119
293 9 821
947 1 420
153 1 4
963 1 969
496 7 732
266 4 66
771 1 119
781 1 119
458 1 716
226 9 528
92 9 821
290 1 882
268 9 204
454 4 66
268 9 564
531 1 32
725 1 420
549 1 446
840 1 420
402 1 446
546 7 732
723 4 66
58 0 398
347 1 716
670 9 564
616 1 446
670 9 204
341 1 119
503 7 732
364 4 66
350 1 420
43 1 716
733 9 821
884 1 4
459 1 716
139 1 32
403 1 882
68 9 564
549 1 4
85 4 66
728 1 882
397 9 821
594 1 32
894 1 662
737 1 716
462 9 821
670 9 528
997 1 446
771 9 488
842 1 882
947 1 882
110 4 66
725 1 446
657 9 204
657 9 564
190 1 32
469 4 66
341 1 446
68 9 204
20 7 732
963 1 4
508 1 30
240 1 30
113 7 732
617 1 662
884 1 119
290 1 420
840 1 446
340 1 582
134 1 969
821 0 398
402 1 420
328 7 732
55 1 4
951 1 662
240 1 882
68 1 119
64 1 32
553 9 204
19 9 528
464 1 716
461 1 30
350 1 882
508 1 882
511 1 32
--------------------------------------
438 1 400
618 1 446
358 1 582
352 1 32
549 1 30
446 1 4
757 4 66
549 1 32
715 1 466
951 1 119
323 1 716
240 1 716
988 4 66
657 9 821
862 1 420
335 1 32
985 1 202
58 1 420
256 1 420
962 1 4
959 4 66
326 1 4
181 9 528
126 4 66
438 1 991
104 1 202
680 1 662
860 1 466
715 1 243
755 9 275
266 1 706
347 1 882
323 1 30
376 1 716
112 1 202
15 1 706
340 1 202
771 9 204
217 1 30
617 1 32
553 9 821
898 1 32
532 1 716
530 1 662
403 1 30
613 1 446
508 1 420
680 1 4
630 1 14
358 1 202
894 1 32
125 1 202
618 1 420
947 1 716
907 1 716
453 1 14
279 9 821
728 1 446
72 1 582
771 9 564
755 9 488
998 9 488
381 1 30
985 1 582
350 1 716
190 1 119
216 1 400
97 1 4
862 1 882
68 9 528
916 1 30
933 0 398
459 1 882
58 1 882
256 1 882
268 9 821
106 1 882
860 1 446
634 1 969
64 1 119
725 1 882
200 9 528
781 1 32
347 1 420
815 1 30
733 9 528
15 1 605
511 1 4
453 1 32
883 1 716
72 1 202
112 1 582
613 1 420
508 1 446
438 1 605
577 1 716
216 1 991
680 1 32
305 1 446
64 1 662
680 1 119
613 1 30
15 1 991
397 9 528
736 4 66
903 1 202
341 1 4
660 1 30
125 1 582
462 9 528
634 1 202
670 9 275
43 1 446
421 4 66
555 0 398
68 9 821
216 1 466
182 1 119
822 1 582
459 1 420
894 1 119
883 1 662
8 1 420
883 1 420
181 9 204
453 1 4
106 1 420
862 1 30
630 1 243
577 1 420
860 1 420
907 1 420
532 1 882
828 1 30
293 9 528
200 9 821
145 9 821
181 9 564
347 1 446
64 1 4
15 1 14
771 9 528
761 1 466
613 1 882
260 0 398
305 1 420
551 1 202
748 1 969
347 1 30
979 1 582
256 1 716
755 9 564
510 4 66
947 4 66
755 9 204
862 1 716
998 9 204
907 1 30
998 9 564
326 1 662
226 9 821
58 1 446
293 9 564
715 1 400
43 1 420
997 1 716
293 9 204
299 1 4
252 9 275
822 1 202
459 1 446
335 0 398
106 1 446
883 1 882
335 1 4
8 1 446
104 1 582
577 1 882
376 1 30
860 1 400
745 9 275
15 1 400
860 1 882
907 1 882
630 1 466
2 1 32
725 1 716
903 1 582
594 1 119
397 9 564
919 1 243
761 1 243
771 1 662
618 1 30
139 1 4
733 9 564
884 0 398
305 1 882
6 1 582
840 1 716
979 1 202
733 9 204
916 1 882
468 1 882
505 1 32
376 1 446
397 9 204
715 1 991
65 1 716
660 1 716
323 1 446
104 1 969
216 1 14
299 1 662
472 1 4
58 1 30
19 9 275
532 1 446
134 1 582
129 4 66
985 1 969
55 1 662
613 1 716
58 1 716
863 1 466
153 1 119
381 1 716
181 9 488
536 9 821
345 0 398
341 1 716
919 1 466
967 1 32
139 1 119
775 4 66
462 9 204
894 1 4
6 1 202
462 9 564
112 1 969
729 4 66
340 1 969
153 1 32
561 4 66
578 1 202
323 1 420
755 9 528
402 1 30
919 1 14
376 1 420
468 1 420
325 4 66
181 9 275
967 1 119
536 1 582
745 9 488
532 1 30
200 9 488
530 1 4
715 1 605
293 9 488
501 4 66
634 1 582
508 4 66
266 1 400
212 4 66
8 1 882
577 1 446
917 4 66
863 1 243
299 1 32
801 0 398
715 1 14
532 1 420
962 1 119
907 1 446
815 1 716
459 1 30
771 9 821
397 9 488
72 1 969
252 9 488
733 9 488
323 1 882
758 1 30
530 1 32
468 1 446
617 1 4
376 1 882
916 1 446
536 1 202
92 9 275
951 1 4
967 1 662
847 1 243
761 1 991
733 9 275
594 1 662
715 1 706
662 1 706
326 1 32
817 4 66
216 1 605
895 4 66
863 1 420
758 1 716
998 9 275
604 1 969
217 1 716
65 1 30
462 9 488
438 1 706
266 1 991
153 1 662
2 1 662
472 1 119
916 1 420
90 0 398
761 1 14
551 1 969
748 1 202
745 9 564
745 9 204
200 9 564
697 1 662
530 1 119
462 9 275
256 1 446
397 9 275
538 4 66
266 1 605
862 1 446
2 1 4
777 4 66
55 1 32
97 1 119
967 1 4
216 1 706
822 1 969
962 1 32
815 1 882
531 1 119
145 9 528
266 1 14
860 1 243
728 1 30
863 1 446
415 4 66
92 9 488
200 9 204
919 1 400
578 1 582
979 1 969
761 1 400
293 9 275
759 1 969
252 9 564
106 1 716
299 1 119
8 1 716
256 1 30
252 9 204
761 1 706
252 9 528
766 1 969
458 1 882
863 1 991
43 1 30
828 1 882
755 9 821
6 1 969
352 1 119
863 1 14
997 1 30
842 1 420
335 1 991
630 1 706
416 1 582
549 1 882
919 1 991
737 1 420
381 1 420
341 1 662
341 1 420
464 1 446
65 1 446
737 1 30
660 1 420
815 1 420
268 9 488
553 9 275
472 1 662
847 1 446
630 1 605
884 1 32
594 1 4
748 1 582
217 1 882
758 1 882
657 9 275
963 1 119
350 1 30
662 1 991
697 1 119
290 1 446
617 1 119
759 4 66
335 1 400
472 1 32
378 1 32
458 1 420
863 1 30
745 9 528
403 1 446
453 1 400
875 0 398
947 1 30
828 1 420
145 9 564
604 1 582
279 9 275
416 1 202
771 1 32
842 1 446
549 1 662
549 1 420
657 9 488
446 1 32
617 1 202
737 1 882
381 1 882
662 1 605
341 1 882
266 1 243
963 1 582
617 1 582
92 9 204
378 1 119
660 1 882
2 1 119
461 1 716
863 1 400
536 9 528
847 1 466
863 1 882
453 1 991
92 9 564
505 1 119
139 1 662
145 9 204
536 1 969
106 1 30
758 1 420
898 1 119
553 9 488
97 1 662
268 9 275
919 1 605
335 1 662
19 9 204
19 9 564
761 1 605
458 1 446
531 1 662
336 0 398
335 1 706
97 1 32
904 4 66
378 1 662
860 1 30
279 9 488
55 1 119
549 1 716
863 1 706
781 1 4
464 1 882
226 9 488
604 1 202
847 1 882
815 1 446
468 1 716
266 1 466
465 4 66
737 1 446
290 1 30
65 1 882
771 1 4
828 1 716
470 4 66
847 1 400
963 1 202
402 1 716
68 1 32
217 1 446
200 9 275
145 9 275
919 1 706
381 1 446
453 1 605
335 1 605
578 1 969
150 4 66
962 1 662
759 1 582
341 1 32
941 4 66
226 9 275
531 1 4
341 1 30
758 1 446
145 9 488
464 1 420
863 1 605
662 1 400
847 1 420
577 1 30
616 1 716
134 1 202
660 1 446
68 9 275
536 9 564
536 9 204
190 1 4
65 1 420
378 1 4
226 4 66
92 9 528
842 1 30
916 1 716
352 1 4
68 1 4
963 1 662
725 1 30
863 1 716
217 1 420
759 1 202
195 4 66
670 9 821
464 1 30
8 1 30
19 9 488
453 1 706
745 9 821
847 1 716
461 1 446
883 1 32
536 9 275
305 1 30
130 4 66
551 1 582
883 1 30
358 4 66
438 1 243
616 1 420
453 1 466
883 1 119
553 9 564
860 1 991
549 1 119
697 1 32
279 9 204
722 0 398
847 1 14
279 9 564
226 9 204
226 9 564
662 1 466
43 1 882
335 1 119
68 1 662
951 1 32
290 1 716
182 1 4
468 1 30
182 1 662
462 4 66
402 1 882
416 1 969
365 0 398
847 1 605
898 1 662
190 1 662
268 9 528
781 1 662
19 9 821
335 1 243
240 1 420
670 9 488
505 1 662
358 1 969
766 1 202
252 9 821
150 0 398
616 1 30
438 1 466
68 9 488
461 1 420
998 9 528
616 1 882
997 1 882
842 1 716
847 1 30
453 1 243
963 1 32
884 1 662
840 1 30
446 1 119
883 1 4
505 1 4
697 1 4
617 1 969
508 1 716
662 1 14
403 1 716
216 1 243
657 9 528
181 9 821
536 9 488
182 1 32
860 1 605
488 0 398
728 1 716
453 1 119
305 1 716
218 4 66
352 1 662
618 1 716
771 9 275
840 1 882
511 1 119
883 1 446
947 1 446
553 9 528
847 1 991
860 1 14
766 1 582
240 1 446
898 1 4
125 1 969
754 0 398
350 1 446
860 1 716
519 4 66
434 0 398
618 1 882
998 9 821
403 1 420
458 1 30
903 1 969
461 1 882
630 1 991
279 9 528
446 1 662
728 1 420
997 1 420
828 1 446
453 1 662
511 1 662
326 1 119
293 9 821
947 1 420
153 1 4
963 1 969
266 4 66
771 1 119
781 1 119
458 1 716
226 9 528
438 1 14
860 1 706
92 9 821
290 1 882
268 9 204
454 4 66
268 9 564
531 1 32
725 1 420
549 1 446
15 1 466
840 1 420
630 1 400
402 1 446
723 4 66
58 0 398
347 1 716
670 9 564
616 1 446
670 9 204
341 1 119
364 4 66
350 1 420
43 1 716
733 9 821
884 1 4
459 1 716
139 1 32
403 1 882
68 9 564
549 1 4
85 4 66
728 1 882
397 9 821
594 1 32
894 1 662
737 1 716
462 9 821
670 9 528
997 1 446
771 9 488
842 1 882
947 1 882
110 4 66
725 1 446
657 9 204
657 9 564
662 1 243
190 1 32
469 4 66
335 1 14
341 1 446
68 9 204
963 1 4
508 1 30
240 1 30
847 1 706
617 1 662
884 1 119
290 1 420
840 1 446
15 1 243
340 1 582
134 1 969
821 0 398
402 1 420
55 1 4
951 1 662
240 1 882
68 1 119
64 1 32
553 9 204
19 9 528
464 1 716
461 1 30
350 1 882
508 1 882
511 1 32
335 1 466
--------------------------------------
376 2 407
438 1 400
618 1 446
358 1 582
549 1 30
757 4 66
715 1 466
323 1 716
240 1 716
988 4 66
657 9 821
862 1 420
985 1 202
58 1 420
506 2 278
256 1 420
959 4 66
181 9 528
69 2 278
126 4 66
438 1 991
104 1 202
860 1 466
715 1 243
755 9 275
266 1 706
347 1 882
323 1 30
376 1 716
112 1 202
15 1 706
340 1 202
771 9 204
217 1 30
553 9 821
532 1 716
403 1 30
613 1 446
508 1 420
630 1 14
358 1 202
125 1 202
618 1 420
947 1 716
907 1 716
453 1 14
279 9 821
728 1 446
72 1 582
771 9 564
755 9 488
998 9 488
381 1 30
985 1 582
350 1 716
216 1 400
862 1 882
68 9 528
916 1 30
933 0 398
459 1 882
58 1 882
256 1 882
268 9 821
106 1 882
860 1 446
634 1 969
725 1 882
200 9 528
347 1 420
815 1 30
733 9 528
15 1 605
883 1 716
72 1 202
112 1 582
613 1 420
508 1 446
438 1 605
577 1 716
216 1 991
305 1 446
634 2 407
376 2 602
613 1 30
15 1 991
397 9 528
736 4 66
903 1 202
660 1 30
125 1 582
462 9 528
634 1 202
670 9 275
43 1 446
421 4 66
555 0 398
729 2 957
68 9 821
216 1 466
822 1 582
459 1 420
376 2 957
8 1 420
883 1 420
181 9 204
106 1 420
862 1 30
630 1 243
577 1 420
860 1 420
907 1 420
532 1 882
828 1 30
293 9 528
200 9 821
145 9 821
181 9 564
975 2 278
347 1 446
729 2 602
15 1 14
771 9 528
761 1 466
613 1 882
260 0 398
305 1 420
551 1 202
748 1 969
347 1 30
979 1 582
256 1 716
755 9 564
510 4 66
947 4 66
755 9 204
862 1 716
998 9 204
907 1 30
998 9 564
226 9 821
58 1 446
729 2 817
293 9 564
715 1 400
43 1 420
997 1 716
293 9 204
252 9 275
822 1 202
459 1 446
376 2 817
335 0 398
106 1 446
883 1 882
8 1 446
104 1 582
577 1 882
376 1 30
860 1 400
745 9 275
15 1 400
860 1 882
907 1 882
630 1 466
725 1 716
903 1 582
397 9 564
919 1 243
761 1 243
618 1 30
733 9 564
884 0 398
305 1 882
6 1 582
840 1 716
979 1 202
733 9 204
916 1 882
468 1 882
376 1 446
397 9 204
715 1 991
65 1 716
660 1 716
323 1 446
104 1 969
216 1 14
58 1 30
19 9 275
532 1 446
134 1 582
129 4 66
985 1 969
613 1 716
634 2 278
58 1 716
863 1 466
381 1 716
181 9 488
536 9 821
345 0 398
341 1 716
919 1 466
775 4 66
462 9 204
6 1 202
462 9 564
112 1 969
729 4 66
340 1 969
561 4 66
578 1 202
323 1 420
755 9 528
402 1 30
919 1 14
376 1 420
468 1 420
325 4 66
181 9 275
536 1 582
745 9 488
532 1 30
200 9 488
715 1 605
293 9 488
501 4 66
634 1 582
508 4 66
266 1 400
212 4 66
8 1 882
577 1 446
917 4 66
863 1 243
801 0 398
715 1 14
532 1 420
907 1 446
815 1 716
459 1 30
771 9 821
397 9 488
72 1 969
252 9 488
733 9 488
323 1 882
758 1 30
468 1 446
376 1 882
916 1 446
536 1 202
92 9 275
847 1 243
761 1 991
733 9 275
715 1 706
662 1 706
817 4 66
216 1 605
895 4 66
863 1 420
758 1 716
998 9 275
604 1 969
217 1 716
65 1 30
462 9 488
438 1 706
266 1 991
916 1 420
90 0 398
761 1 14
551 1 969
748 1 202
745 9 564
745 9 204
200 9 564
462 9 275
256 1 446
397 9 275
538 4 66
266 1 605
862 1 446
777 4 66
216 1 706
822 1 969
815 1 882
145 9 528
266 1 14
860 1 243
728 1 30
863 1 446
415 4 66
92 9 488
200 9 204
919 1 400
578 1 582
979 1 969
761 1 400
293 9 275
759 1 969
252 9 564
106 1 716
8 1 716
256 1 30
69 2 817
252 9 204
69 2 602
761 1 706
252 9 528
766 1 969
458 1 882
863 1 991
43 1 30
828 1 882
755 9 821
6 1 969
863 1 14
997 1 30
842 1 420
335 1 991
630 1 706
416 1 582
549 1 882
919 1 991
506 2 957
737 1 420
381 1 420
341 1 420
464 1 446
65 1 446
737 1 30
660 1 420
815 1 420
268 9 488
553 9 275
847 1 446
630 1 605
748 1 582
217 1 882
758 1 882
657 9 275
350 1 30
662 1 991
290 1 446
759 4 66
506 2 602
69 2 957
335 1 400
458 1 420
863 1 30
745 9 528
403 1 446
453 1 400
875 0 398
947 1 30
828 1 420
145 9 564
604 1 582
279 9 275
416 1 202
842 1 446
549 1 420
506 2 817
657 9 488
617 1 202
737 1 882
381 1 882
662 1 605
341 1 882
266 1 243
963 1 582
617 1 582
92 9 204
660 1 882
461 1 716
863 1 400
536 9 528
847 1 466
863 1 882
453 1 991
92 9 564
145 9 204
536 1 969
106 1 30
758 1 420
553 9 488
975 2 407
268 9 275
919 1 605
19 9 204
19 9 564
761 1 605
458 1 446
336 0 398
335 1 706
904 4 66
860 1 30
279 9 488
549 1 716
863 1 706
464 1 882
226 9 488
975 2 957
604 1 202
847 1 882
815 1 446
468 1 716
266 1 466
69 2 407
729 2 278
465 4 66
737 1 446
290 1 30
65 1 882
828 1 716
470 4 66
847 1 400
376 2 278
963 1 202
402 1 716
217 1 446
200 9 275
145 9 275
506 2 407
919 1 706
381 1 446
453 1 605
335 1 605
578 1 969
150 4 66
759 1 582
941 4 66
226 9 275
341 1 30
758 1 446
145 9 488
464 1 420
863 1 605
662 1 400
847 1 420
577 1 30
616 1 716
134 1 202
660 1 446
68 9 275
536 9 564
536 9 204
65 1 420
226 4 66
92 9 528
842 1 30
916 1 716
725 1 30
863 1 716
217 1 420
759 1 202
975 2 602
195 4 66
670 9 821
464 1 30
8 1 30
19 9 488
453 1 706
745 9 821
847 1 716
461 1 446
536 9 275
305 1 30
130 4 66
551 1 582
883 1 30
358 4 66
438 1 243
616 1 420
453 1 466
553 9 564
860 1 991
279 9 204
722 0 398
847 1 14
279 9 564
226 9 204
226 9 564
662 1 466
43 1 882
290 1 716
634 2 957
468 1 30
462 4 66
402 1 882
416 1 969
365 0 398
847 1 605
268 9 528
19 9 821
335 1 243
240 1 420
670 9 488
729 2 407
358 1 969
766 1 202
252 9 821
150 0 398
616 1 30
438 1 466
68 9 488
461 1 420
998 9 528
616 1 882
997 1 882
842 1 716
847 1 30
453 1 243
840 1 30
617 1 969
975 2 817
508 1 716
662 1 14
403 1 716
216 1 243
634 2 817
657 9 528
181 9 821
536 9 488
860 1 605
488 0 398
728 1 716
305 1 716
218 4 66
618 1 716
771 9 275
840 1 882
883 1 446
947 1 446
553 9 528
847 1 991
860 1 14
766 1 582
240 1 446
125 1 969
754 0 398
350 1 446
860 1 716
519 4 66
434 0 398
618 1 882
998 9 821
403 1 420
458 1 30
903 1 969
461 1 882
630 1 991
279 9 528
728 1 420
997 1 420
828 1 446
293 9 821
947 1 420
963 1 969
266 4 66
458 1 716
226 9 528
438 1 14
860 1 706
92 9 821
290 1 882
268 9 204
454 4 66
268 9 564
725 1 420
549 1 446
15 1 466
840 1 420
630 1 400
402 1 446
723 4 66
58 0 398
347 1 716
670 9 564
616 1 446
670 9 204
364 4 66
350 1 420
43 1 716
733 9 821
459 1 716
403 1 882
68 9 564
85 4 66
728 1 882
397 9 821
737 1 716
462 9 821
670 9 528
997 1 446
771 9 488
842 1 882
947 1 882
110 4 66
725 1 446
657 9 204
657 9 564
662 1 243
469 4 66
335 1 14
341 1 446
68 9 204
508 1 30
240 1 30
847 1 706
290 1 420
840 1 446
15 1 243
340 1 582
134 1 969
821 0 398
402 1 420
240 1 882
553 9 204
19 9 528
464 1 716
461 1 30
350 1 882
634 2 602
508 1 882
335 1 466
--------------------------------------
