706 9 511
982 9 511
897 9 195
741 9 618
532 9 509
288 9 7
15 9 509
235 9 121
957 9 806
741 9 7
288 9 121
5 9 425
5 9 544
5 9 301
5 9 543
497 9 591
514 9 121
497 9 351
398 9 381
915 9 509
706 9 642
15 9 511
982 9 642
741 9 509
915 9 511
279 9 618
761 9 195
514 9 381
235 9 591
235 9 351
532 9 511
817 9 195
757 9 693
216 9 693
685 9 121
497 9 121
203 9 591
56 9 381
203 9 351
237 9 642
15 9 642
415 9 381
514 9 591
235 9 381
757 9 591
982 9 618
422 9 509
216 9 544
216 9 301
216 9 543
216 9 425
398 9 121
5 9 642
274 9 806
497 9 693
706 9 618
237 9 511
226 9 509
611 9 381
805 9 509
497 9 7
333 9 806
532 9 618
982 9 509
422 9 618
375 9 195
952 9 806
288 9 351
685 9 381
288 9 591
237 9 509
5 9 511
398 9 351
514 9 351
795 9 381
56 9 121
398 9 591
757 9 7
757 9 351
415 9 121
226 9 618
805 9 618
915 9 618
706 9 509
203 9 693
756 9 806
279 9 7
15 9 7
279 9 806
5 9 351
5 9 591
274 9 511
422 9 806
757 9 642
216 9 642
805 9 7
767 9 642
923 9 806
56 9 351
274 9 509
795 9 195
203 9 7
203 9 381
226 9 806
56 9 591
805 9 806
89 9 511
237 9 693
415 9 195
741 9 425
274 9 642
741 9 544
741 9 301
741 9 543
957 9 618
235 9 301
235 9 543
288 9 693
767 9 511
235 9 544
398 9 693
235 9 425
514 9 693
611 9 195
89 9 642
982 9 693
333 9 618
982 9 7
532 9 7
89 9 618
532 9 806
5 9 693
741 9 511
957 9 509
514 9 544
685 9 195
757 9 301
757 9 543
757 9 544
514 9 301
514 9 543
288 9 301
288 9 543
56 9 693
767 9 509
915 9 806
216 9 509
933 9 195
514 9 425
203 9 121
757 9 425
706 9 301
706 9 543
982 9 425
706 9 544
933 9 7
982 9 544
982 9 301
982 9 543
706 9 425
288 9 425
88 9 195
89 9 509
288 9 544
15 9 618
235 9 693
398 9 425
741 9 642
398 9 544
216 9 511
274 9 618
957 9 511
767 9 618
237 9 544
497 9 381
237 9 425
235 9 7
237 9 543
237 9 301
897 9 351
897 9 591
237 9 381
685 9 642
203 9 618
795 9 425
795 9 301
795 9 543
795 9 544
532 9 351
497 9 195
532 9 591
756 9 511
957 9 642
422 9 693
897 9 121
88 9 693
685 9 511
982 9 806
611 9 7
915 9 351
933 9 618
235 9 195
203 9 509
915 9 591
56 9 425
333 9 195
415 9 425
532 9 121
375 9 806
56 9 301
56 9 543
741 9 351
56 9 544
741 9 591
216 9 618
685 9 7
757 9 618
514 9 7
952 9 195
415 9 301
415 9 543
706 9 806
415 9 544
756 9 509
897 9 693
274 9 7
237 9 121
923 9 301
923 9 543
757 9 509
514 9 195
923 9 425
685 9 544
685 9 301
685 9 543
15 9 806
923 9 544
685 9 425
795 9 642
532 9 693
957 9 425
957 9 544
957 9 301
957 9 543
422 9 351
5 9 806
422 9 591
5 9 7
791 9 195
237 9 591
89 9 425
237 9 351
915 9 693
56 9 7
536 9 806
805 9 693
757 9 511
288 9 195
741 9 693
56 9 642
375 9 7
756 9 642
398 9 195
761 9 806
89 9 301
89 9 543
89 9 544
415 9 642
333 9 7
791 9 381
805 9 642
915 9 425
536 9 511
915 9 301
915 9 543
915 9 544
923 9 642
757 9 806
422 9 642
532 9 425
88 9 381
706 9 7
532 9 301
532 9 543
532 9 544
56 9 511
933 9 806
89 9 591
795 9 351
685 9 693
741 9 381
795 9 591
415 9 351
767 9 806
5 9 509
216 9 806
89 9 351
375 9 618
203 9 544
203 9 301
203 9 543
805 9 511
203 9 425
422 9 511
56 9 509
415 9 591
536 9 509
923 9 511
795 9 121
226 9 7
89 9 121
957 9 693
5 9 618
957 9 7
203 9 511
805 9 301
805 9 543
422 9 425
805 9 544
817 9 806
398 9 7
915 9 642
422 9 544
88 9 121
805 9 425
422 9 301
422 9 543
536 9 618
56 9 618
532 9 642
685 9 591
795 9 693
741 9 121
685 9 351
923 9 509
279 9 195
89 9 693
415 9 693
288 9 381
756 9 618
203 9 642
897 9 381
88 9 351
756 9 7
88 9 591
923 9 618
957 9 351
957 9 591
685 9 806
817 9 509
375 9 301
375 9 543
375 9 544
706 9 195
756 9 351
897 9 509
415 9 7
237 9 7
333 9 121
532 9 195
514 9 806
761 9 618
88 9 509
957 9 121
952 9 121
536 9 301
536 9 543
536 9 544
288 9 806
398 9 806
933 9 693
915 9 195
791 9 693
536 9 425
756 9 591
333 9 591
333 9 351
741 9 195
88 9 618
817 9 511
897 9 511
15 9 195
761 9 509
952 9 591
952 9 351
933 9 301
933 9 543
88 9 7
933 9 544
795 9 806
375 9 642
226 9 195
791 9 121
933 9 425
756 9 381
761 9 642
333 9 381
761 9 511
915 9 7
923 9 7
952 9 381
422 9 195
817 9 7
957 9 381
791 9 591
536 9 642
237 9 195
791 9 351
817 9 618
56 9 806
611 9 806
375 9 511
767 9 381
756 9 121
375 9 509
897 9 618
89 9 381
415 9 806
982 9 195
235 9 806
274 9 381
761 9 7
923 9 381
88 9 301
88 9 543
923 9 121
88 9 544
933 9 642
791 9 7
795 9 509
536 9 351
791 9 544
791 9 301
791 9 543
791 9 425
915 9 381
611 9 511
761 9 301
761 9 543
805 9 121
89 9 195
15 9 381
817 9 425
897 9 425
274 9 195
817 9 544
897 9 544
897 9 301
897 9 543
88 9 425
817 9 301
817 9 543
415 9 511
923 9 351
375 9 693
923 9 591
952 9 301
952 9 543
952 9 544
611 9 509
952 9 425
226 9 121
805 9 591
805 9 351
795 9 511
761 9 425
761 9 544
89 9 7
756 9 301
756 9 543
279 9 381
756 9 544
415 9 509
756 9 425
536 9 591
422 9 121
88 9 642
685 9 509
536 9 693
611 9 618
497 9 806
915 9 121
216 9 195
767 9 195
805 9 381
756 9 693
279 9 351
933 9 509
279 9 591
415 9 618
897 9 642
817 9 642
685 9 618
923 9 693
88 9 511
933 9 511
795 9 618
761 9 693
203 9 806
226 9 381
897 9 7
536 9 7
279 9 121
532 9 381
375 9 425
957 9 195
422 9 381
952 9 693
952 9 7
497 9 509
952 9 511
333 9 511
706 9 591
226 9 693
288 9 511
375 9 381
706 9 351
398 9 301
398 9 543
791 9 618
279 9 693
514 9 642
235 9 511
288 9 642
982 9 121
611 9 425
333 9 509
611 9 301
761 9 351
761 9 591
611 9 543
706 9 121
611 9 544
5 9 381
497 9 511
952 9 509
756 9 195
817 9 351
817 9 591
497 9 642
237 9 806
203 9 195
235 9 509
15 9 591
15 9 351
375 9 121
288 9 618
226 9 351
791 9 642
757 9 195
761 9 121
226 9 591
279 9 425
706 9 693
279 9 544
279 9 301
279 9 543
398 9 511
398 9 642
767 9 544
767 9 301
767 9 543
536 9 381
514 9 509
15 9 121
767 9 425
288 9 509
375 9 351
952 9 642
536 9 121
497 9 618
398 9 509
791 9 511
5 9 121
333 9 642
611 9 642
274 9 543
274 9 544
375 9 591
274 9 425
514 9 511
235 9 642
817 9 693
274 9 301
791 9 509
982 9 351
982 9 591
15 9 301
15 9 543
422 9 7
15 9 544
15 9 425
274 9 591
761 9 381
933 9 121
398 9 618
5 9 195
497 9 544
279 9 642
497 9 425
237 9 618
757 9 121
216 9 121
226 9 642
817 9 381
767 9 121
274 9 351
611 9 121
767 9 7
56 9 195
923 9 195
333 9 544
757 9 381
333 9 301
333 9 543
216 9 381
333 9 425
89 9 806
805 9 195
226 9 511
791 9 806
611 9 591
795 9 7
274 9 121
767 9 351
514 9 618
611 9 351
933 9 381
536 9 195
279 9 509
274 9 693
216 9 591
767 9 591
216 9 351
952 9 618
226 9 425
817 9 121
897 9 806
226 9 544
226 9 301
226 9 543
216 9 7
982 9 381
88 9 806
933 9 591
235 9 618
933 9 351
706 9 381
279 9 511
497 9 301
497 9 543
333 9 693
767 9 693
611 9 693
741 9 806
15 9 693
--------------------------------------
706 9 511
982 9 511
897 9 195
741 9 618
532 9 509
288 9 7
15 9 509
235 9 121
957 9 806
741 9 7
288 9 121
5 9 425
5 9 544
5 9 301
5 9 543
497 9 591
514 9 121
497 9 351
398 9 381
915 9 509
706 9 642
15 9 511
982 9 642
741 9 509
915 9 511
279 9 618
761 9 195
514 9 381
235 9 591
235 9 351
532 9 511
817 9 195
757 9 693
216 9 693
685 9 121
497 9 121
203 9 591
56 9 381
203 9 351
237 9 642
15 9 642
415 9 381
514 9 591
235 9 381
757 9 591
982 9 618
422 9 509
216 9 544
216 9 301
216 9 543
216 9 425
398 9 121
5 9 642
274 9 806
497 9 693
706 9 618
237 9 511
226 9 509
611 9 381
805 9 509
497 9 7
333 9 806
532 9 618
982 9 509
422 9 618
375 9 195
952 9 806
288 9 351
685 9 381
288 9 591
237 9 509
5 9 511
398 9 351
514 9 351
795 9 381
56 9 121
398 9 591
757 9 7
757 9 351
415 9 121
226 9 618
805 9 618
915 9 618
706 9 509
203 9 693
756 9 806
279 9 7
15 9 7
279 9 806
5 9 351
5 9 591
274 9 511
422 9 806
757 9 642
216 9 642
805 9 7
767 9 642
923 9 806
56 9 351
274 9 509
795 9 195
203 9 7
203 9 381
226 9 806
56 9 591
805 9 806
89 9 511
237 9 693
415 9 195
741 9 425
274 9 642
741 9 544
741 9 301
741 9 543
957 9 618
235 9 301
235 9 543
288 9 693
767 9 511
235 9 544
398 9 693
235 9 425
514 9 693
611 9 195
89 9 642
982 9 693
333 9 618
982 9 7
532 9 7
89 9 618
532 9 806
5 9 693
741 9 511
957 9 509
514 9 544
685 9 195
757 9 301
757 9 543
757 9 544
514 9 301
514 9 543
288 9 301
288 9 543
56 9 693
767 9 509
915 9 806
216 9 509
933 9 195
514 9 425
203 9 121
757 9 425
706 9 301
706 9 543
982 9 425
706 9 544
933 9 7
982 9 544
982 9 301
982 9 543
706 9 425
288 9 425
88 9 195
89 9 509
288 9 544
15 9 618
235 9 693
398 9 425
741 9 642
398 9 544
216 9 511
274 9 618
957 9 511
767 9 618
237 9 544
497 9 381
237 9 425
235 9 7
237 9 543
237 9 301
897 9 351
897 9 591
237 9 381
685 9 642
203 9 618
795 9 425
795 9 301
795 9 543
795 9 544
532 9 351
497 9 195
532 9 591
756 9 511
957 9 642
422 9 693
897 9 121
88 9 693
685 9 511
982 9 806
611 9 7
915 9 351
933 9 618
235 9 195
203 9 509
915 9 591
56 9 425
333 9 195
415 9 425
532 9 121
375 9 806
56 9 301
56 9 543
741 9 351
56 9 544
741 9 591
216 9 618
685 9 7
757 9 618
514 9 7
952 9 195
415 9 301
415 9 543
706 9 806
415 9 544
756 9 509
897 9 693
274 9 7
237 9 121
923 9 301
923 9 543
757 9 509
514 9 195
923 9 425
685 9 544
685 9 301
685 9 543
15 9 806
923 9 544
685 9 425
795 9 642
532 9 693
957 9 425
957 9 544
957 9 301
957 9 543
422 9 351
5 9 806
422 9 591
5 9 7
791 9 195
237 9 591
89 9 425
237 9 351
915 9 693
56 9 7
536 9 806
805 9 693
757 9 511
288 9 195
741 9 693
56 9 642
375 9 7
756 9 642
398 9 195
761 9 806
89 9 301
89 9 543
89 9 544
415 9 642
333 9 7
791 9 381
805 9 642
915 9 425
536 9 511
915 9 301
915 9 543
915 9 544
923 9 642
757 9 806
422 9 642
532 9 425
88 9 381
706 9 7
532 9 301
532 9 543
532 9 544
56 9 511
933 9 806
89 9 591
795 9 351
685 9 693
741 9 381
795 9 591
415 9 351
767 9 806
5 9 509
216 9 806
89 9 351
375 9 618
203 9 544
203 9 301
203 9 543
805 9 511
203 9 425
422 9 511
56 9 509
415 9 591
536 9 509
923 9 511
795 9 121
226 9 7
89 9 121
957 9 693
5 9 618
957 9 7
203 9 511
805 9 301
805 9 543
422 9 425
805 9 544
817 9 806
398 9 7
915 9 642
422 9 544
88 9 121
805 9 425
422 9 301
422 9 543
536 9 618
56 9 618
532 9 642
685 9 591
795 9 693
741 9 121
685 9 351
923 9 509
279 9 195
89 9 693
415 9 693
288 9 381
756 9 618
203 9 642
897 9 381
88 9 351
756 9 7
88 9 591
923 9 618
957 9 351
957 9 591
685 9 806
817 9 509
375 9 301
375 9 543
375 9 544
706 9 195
756 9 351
897 9 509
415 9 7
237 9 7
333 9 121
532 9 195
514 9 806
761 9 618
88 9 509
957 9 121
952 9 121
536 9 301
536 9 543
536 9 544
288 9 806
398 9 806
933 9 693
915 9 195
791 9 693
536 9 425
756 9 591
333 9 591
333 9 351
741 9 195
88 9 618
817 9 511
897 9 511
15 9 195
761 9 509
952 9 591
952 9 351
933 9 301
933 9 543
88 9 7
933 9 544
795 9 806
375 9 642
226 9 195
791 9 121
933 9 425
756 9 381
761 9 642
333 9 381
761 9 511
915 9 7
923 9 7
952 9 381
422 9 195
817 9 7
957 9 381
791 9 591
536 9 642
237 9 195
791 9 351
817 9 618
56 9 806
611 9 806
375 9 511
767 9 381
756 9 121
375 9 509
897 9 618
89 9 381
415 9 806
982 9 195
235 9 806
274 9 381
761 9 7
923 9 381
88 9 301
88 9 543
923 9 121
88 9 544
933 9 642
791 9 7
795 9 509
536 9 351
791 9 544
791 9 301
791 9 543
791 9 425
915 9 381
611 9 511
761 9 301
761 9 543
805 9 121
89 9 195
15 9 381
817 9 425
897 9 425
274 9 195
817 9 544
897 9 544
897 9 301
897 9 543
88 9 425
817 9 301
817 9 543
415 9 511
923 9 351
375 9 693
923 9 591
952 9 301
952 9 543
952 9 544
611 9 509
952 9 425
226 9 121
805 9 591
805 9 351
795 9 511
761 9 425
761 9 544
89 9 7
756 9 301
756 9 543
279 9 381
756 9 544
415 9 509
756 9 425
536 9 591
422 9 121
88 9 642
685 9 509
536 9 693
611 9 618
497 9 806
915 9 121
216 9 195
767 9 195
805 9 381
756 9 693
279 9 351
933 9 509
279 9 591
415 9 618
897 9 642
817 9 642
685 9 618
923 9 693
88 9 511
933 9 511
795 9 618
761 9 693
203 9 806
226 9 381
897 9 7
536 9 7
279 9 121
532 9 381
375 9 425
957 9 195
422 9 381
952 9 693
952 9 7
497 9 509
952 9 511
333 9 511
706 9 591
226 9 693
288 9 511
375 9 381
706 9 351
398 9 301
398 9 543
791 9 618
279 9 693
514 9 642
235 9 511
288 9 642
982 9 121
611 9 425
333 9 509
611 9 301
761 9 351
761 9 591
611 9 543
706 9 121
611 9 544
5 9 381
497 9 511
952 9 509
756 9 195
817 9 351
817 9 591
497 9 642
237 9 806
203 9 195
235 9 509
15 9 591
15 9 351
375 9 121
288 9 618
226 9 351
791 9 642
757 9 195
761 9 121
226 9 591
279 9 425
706 9 693
279 9 544
279 9 301
279 9 543
398 9 511
398 9 642
767 9 544
767 9 301
767 9 543
536 9 381
514 9 509
15 9 121
767 9 425
288 9 509
375 9 351
952 9 642
536 9 121
497 9 618
398 9 509
791 9 511
5 9 121
333 9 642
611 9 642
274 9 543
274 9 544
375 9 591
274 9 425
514 9 511
235 9 642
817 9 693
274 9 301
791 9 509
982 9 351
982 9 591
15 9 301
15 9 543
422 9 7
15 9 544
15 9 425
274 9 591
761 9 381
933 9 121
398 9 618
5 9 195
497 9 544
279 9 642
497 9 425
237 9 618
757 9 121
216 9 121
226 9 642
817 9 381
767 9 121
274 9 351
611 9 121
767 9 7
56 9 195
923 9 195
333 9 544
757 9 381
333 9 301
333 9 543
216 9 381
333 9 425
89 9 806
805 9 195
226 9 511
791 9 806
611 9 591
795 9 7
274 9 121
767 9 351
514 9 618
611 9 351
933 9 381
536 9 195
279 9 509
274 9 693
216 9 591
767 9 591
216 9 351
952 9 618
226 9 425
817 9 121
897 9 806
226 9 544
226 9 301
226 9 543
216 9 7
982 9 381
88 9 806
933 9 591
235 9 618
933 9 351
706 9 381
279 9 511
497 9 301
497 9 543
333 9 693
767 9 693
611 9 693
741 9 806
15 9 693
--------------------------------------
497 4 80
325 4 719
459 4 766
459 4 402
459 4 643
459 4 269
459 4 157
497 4 891
325 4 80
325 4 643
325 4 269
459 4 552
459 4 891
325 4 141
497 4 157
459 4 59
497 4 552
497 4 719
459 4 719
325 4 59
459 4 80
497 4 59
325 4 402
325 4 766
325 4 552
497 4 141
325 4 157
325 4 891
459 4 141
497 4 766
497 4 402
497 4 643
497 4 269
--------------------------------------
763 7 79
672 7 763
42 7 900
42 7 901
149 7 894
239 7 430
917 7 199
763 7 763
672 7 199
42 7 450
763 7 408
763 7 768
917 7 79
763 7 409
865 7 450
149 7 430
865 7 689
763 7 894
42 7 79
763 7 978
42 7 689
917 7 978
917 7 61
865 7 894
42 7 61
672 7 61
672 7 978
42 7 430
149 7 409
149 7 408
763 7 61
239 7 689
149 7 763
865 7 430
917 7 849
149 7 768
917 7 604
239 7 450
917 7 722
672 7 604
917 7 285
672 7 849
763 7 199
672 7 689
42 7 823
42 7 702
239 7 79
239 7 478
42 7 943
149 7 978
239 7 597
42 7 827
42 7 828
763 7 285
917 7 430
672 7 430
763 7 722
239 7 900
763 7 604
239 7 901
763 7 849
42 7 258
865 7 763
865 7 768
149 7 199
239 7 61
42 7 815
865 7 409
865 7 408
672 7 79
42 7 243
763 7 258
763 7 815
239 7 815
239 7 258
42 7 368
865 7 61
149 7 285
917 7 894
865 7 978
149 7 849
763 7 943
672 7 894
763 7 823
763 7 702
763 7 827
239 7 368
865 7 79
763 7 828
865 7 199
917 7 408
149 7 604
42 7 478
917 7 409
42 7 597
239 7 243
149 7 722
917 7 768
917 7 763
672 7 768
672 7 409
672 7 408
672 7 243
149 7 815
763 7 478
672 7 368
149 7 258
865 7 285
239 7 285
917 7 478
917 7 597
763 7 243
149 7 828
149 7 827
672 7 597
763 7 368
239 7 827
239 7 828
672 7 478
239 7 823
239 7 702
42 7 978
239 7 943
149 7 79
149 7 823
149 7 702
917 7 901
149 7 943
917 7 900
865 7 722
672 7 900
865 7 849
672 7 901
865 7 604
42 7 285
239 7 978
149 7 478
42 7 604
42 7 722
149 7 597
865 7 258
149 7 61
149 7 243
42 7 849
865 7 815
917 7 450
239 7 849
763 7 900
763 7 901
239 7 604
239 7 722
149 7 368
672 7 450
917 7 689
865 7 823
865 7 702
865 7 943
865 7 827
763 7 597
865 7 828
672 7 722
865 7 243
672 7 285
239 7 199
865 7 478
865 7 597
763 7 689
917 7 828
149 7 901
917 7 827
149 7 900
42 7 894
865 7 368
917 7 943
917 7 823
917 7 702
672 7 823
672 7 702
763 7 450
672 7 943
672 7 827
672 7 828
42 7 768
917 7 815
239 7 894
42 7 763
42 7 409
917 7 258
42 7 408
672 7 815
42 7 199
239 7 409
672 7 258
239 7 408
239 7 768
239 7 763
149 7 689
865 7 900
917 7 368
149 7 450
917 7 243
865 7 901
763 7 430
--------------------------------------
763 7 79
672 7 763
42 7 900
42 7 901
149 7 894
239 7 430
917 7 199
763 7 763
672 7 199
42 7 450
763 7 408
763 7 768
917 7 79
763 7 409
865 7 450
149 7 430
865 7 689
763 7 894
42 7 79
763 7 978
42 7 689
917 7 978
917 7 61
865 7 894
42 7 61
672 7 61
672 7 978
42 7 430
149 7 409
149 7 408
763 7 61
239 7 689
149 7 763
865 7 430
917 7 849
149 7 768
917 7 604
239 7 450
917 7 722
672 7 604
917 7 285
672 7 849
763 7 199
672 7 689
42 7 823
42 7 702
239 7 79
239 7 478
42 7 943
149 7 978
239 7 597
42 7 827
42 7 828
763 7 285
917 7 430
672 7 430
763 7 722
239 7 900
763 7 604
239 7 901
763 7 849
42 7 258
865 7 763
865 7 768
149 7 199
239 7 61
42 7 815
865 7 409
865 7 408
672 7 79
42 7 243
763 7 258
763 7 815
239 7 815
239 7 258
42 7 368
865 7 61
149 7 285
917 7 894
865 7 978
149 7 849
763 7 943
672 7 894
763 7 823
763 7 702
763 7 827
239 7 368
865 7 79
763 7 828
865 7 199
917 7 408
149 7 604
42 7 478
917 7 409
42 7 597
239 7 243
149 7 722
917 7 768
917 7 763
672 7 768
672 7 409
672 7 408
672 7 243
149 7 815
763 7 478
672 7 368
149 7 258
865 7 285
239 7 285
917 7 478
917 7 597
763 7 243
149 7 828
149 7 827
672 7 597
763 7 368
239 7 827
239 7 828
672 7 478
239 7 823
239 7 702
42 7 978
239 7 943
149 7 79
149 7 823
149 7 702
917 7 901
149 7 943
917 7 900
865 7 722
672 7 900
865 7 849
672 7 901
865 7 604
42 7 285
239 7 978
149 7 478
42 7 604
42 7 722
149 7 597
865 7 258
149 7 61
149 7 243
42 7 849
865 7 815
917 7 450
239 7 849
763 7 900
763 7 901
239 7 604
239 7 722
149 7 368
672 7 450
917 7 689
865 7 823
865 7 702
865 7 943
865 7 827
763 7 597
865 7 828
672 7 722
865 7 243
672 7 285
239 7 199
865 7 478
865 7 597
763 7 689
917 7 828
149 7 901
917 7 827
149 7 900
42 7 894
865 7 368
917 7 943
917 7 823
917 7 702
672 7 823
672 7 702
763 7 450
672 7 943
672 7 827
672 7 828
42 7 768
917 7 815
239 7 894
42 7 763
42 7 409
917 7 258
42 7 408
672 7 815
42 7 199
239 7 409
672 7 258
239 7 408
239 7 768
239 7 763
149 7 689
865 7 900
917 7 368
149 7 450
917 7 243
865 7 901
763 7 430
--------------------------------------
713 2 652
713 2 872
713 2 576
713 2 373
713 2 804
713 2 703
713 2 788
713 2 423
713 2 600
713 2 72
713 2 54
713 2 268
713 2 661
713 2 384
713 2 561
713 2 261
713 2 185
713 2 8
713 2 898
713 2 799
713 2 678
713 2 953
713 2 657
713 2 215
713 2 915
713 2 839
--------------------------------------
713 2 652
713 2 872
713 2 576
713 2 373
713 2 804
713 2 703
713 2 788
713 2 423
713 2 600
713 2 72
713 2 54
713 2 268
713 2 661
713 2 384
713 2 561
713 2 261
713 2 185
713 2 8
713 2 898
713 2 799
713 2 678
713 2 953
713 2 657
713 2 215
713 2 915
713 2 839
--------------------------------------
336 7 904
32 7 862
32 7 500
273 7 217
726 7 463
32 7 747
510 7 282
273 7 453
461 7 593
951 7 644
951 7 540
951 7 783
32 7 876
902 7 904
726 7 453
510 7 390
510 7 271
726 7 217
273 7 463
461 7 463
951 7 671
328 7 823
951 7 670
951 7 790
32 7 644
273 7 678
461 7 135
856 7 904
273 7 671
510 7 185
273 7 670
510 7 184
726 7 329
951 7 785
273 7 790
748 7 185
748 7 184
856 7 94
726 7 790
726 7 670
273 7 329
726 7 671
461 7 368
726 7 678
951 7 678
32 7 823
726 7 540
726 7 783
273 7 135
726 7 785
461 7 390
461 7 271
32 7 712
461 7 145
547 7 40
902 7 823
273 7 145
951 7 854
856 7 62
856 7 60
328 7 904
902 7 712
726 7 644
273 7 593
951 7 747
951 7 500
951 7 862
32 7 854
547 7 60
461 7 94
547 7 62
273 7 368
726 7 876
461 7 282
547 7 904
951 7 876
273 7 40
951 7 135
32 7 463
510 7 678
336 7 185
336 7 184
461 7 747
726 7 185
461 7 62
461 7 60
461 7 876
902 7 854
951 7 368
856 7 644
32 7 593
951 7 145
32 7 40
726 7 184
902 7 747
461 7 862
328 7 40
461 7 500
547 7 368
902 7 862
510 7 790
902 7 500
510 7 671
510 7 670
273 7 185
273 7 184
273 7 390
510 7 217
951 7 271
951 7 390
32 7 368
748 7 904
461 7 40
547 7 135
856 7 747
547 7 94
902 7 876
273 7 271
856 7 862
856 7 500
510 7 463
510 7 329
951 7 282
32 7 60
547 7 390
32 7 62
547 7 271
32 7 135
726 7 282
547 7 145
328 7 62
461 7 644
328 7 60
902 7 644
273 7 282
510 7 453
856 7 876
336 7 145
32 7 540
951 7 453
547 7 282
726 7 390
32 7 783
726 7 271
32 7 785
726 7 145
328 7 94
461 7 678
336 7 390
951 7 329
461 7 790
461 7 670
461 7 671
336 7 135
32 7 670
951 7 463
32 7 790
32 7 671
273 7 94
32 7 678
951 7 60
461 7 783
461 7 785
726 7 135
748 7 712
951 7 62
328 7 282
902 7 785
951 7 217
902 7 783
510 7 593
902 7 540
856 7 854
461 7 540
273 7 60
336 7 368
273 7 62
336 7 282
951 7 593
461 7 329
32 7 94
547 7 184
547 7 185
461 7 453
856 7 823
32 7 329
748 7 823
461 7 217
902 7 678
726 7 368
902 7 671
510 7 145
902 7 790
902 7 670
510 7 368
336 7 271
32 7 217
32 7 453
856 7 712
726 7 593
902 7 329
328 7 185
328 7 184
951 7 40
510 7 135
32 7 185
510 7 712
32 7 184
951 7 94
461 7 904
328 7 368
902 7 217
336 7 94
547 7 876
748 7 644
336 7 217
902 7 453
336 7 593
856 7 368
726 7 904
510 7 823
547 7 644
748 7 876
336 7 329
748 7 94
856 7 135
902 7 463
510 7 854
510 7 94
856 7 593
328 7 145
328 7 390
748 7 747
328 7 271
748 7 500
856 7 463
748 7 862
510 7 862
336 7 453
902 7 593
328 7 135
547 7 790
547 7 670
547 7 671
547 7 540
547 7 783
547 7 785
748 7 854
902 7 368
336 7 463
336 7 785
328 7 329
510 7 876
32 7 145
856 7 329
748 7 329
547 7 678
461 7 712
748 7 40
336 7 790
902 7 135
336 7 670
336 7 671
902 7 271
510 7 500
902 7 390
32 7 390
336 7 678
951 7 184
510 7 747
32 7 271
951 7 185
328 7 671
328 7 678
856 7 217
273 7 823
336 7 40
748 7 678
461 7 823
547 7 329
902 7 145
856 7 453
748 7 671
748 7 670
748 7 790
902 7 282
336 7 644
32 7 282
856 7 790
856 7 670
328 7 463
273 7 904
547 7 453
328 7 593
461 7 854
547 7 217
748 7 60
856 7 540
748 7 785
856 7 783
748 7 62
748 7 783
856 7 785
748 7 540
510 7 783
510 7 540
510 7 785
510 7 644
328 7 217
328 7 453
547 7 593
547 7 463
336 7 62
336 7 60
856 7 671
336 7 540
336 7 783
856 7 678
336 7 862
902 7 184
336 7 500
856 7 40
336 7 747
328 7 644
726 7 40
273 7 854
32 7 904
726 7 862
726 7 500
748 7 368
726 7 747
336 7 876
328 7 876
273 7 747
273 7 862
902 7 60
902 7 62
273 7 500
726 7 854
461 7 184
461 7 185
902 7 185
748 7 593
328 7 783
328 7 540
328 7 785
273 7 712
328 7 670
328 7 790
951 7 823
748 7 463
336 7 854
748 7 217
902 7 40
547 7 823
951 7 712
726 7 712
748 7 453
336 7 823
547 7 712
726 7 823
748 7 282
328 7 712
336 7 712
856 7 184
510 7 62
856 7 185
510 7 904
726 7 94
273 7 785
273 7 783
273 7 540
510 7 60
328 7 747
748 7 271
856 7 390
748 7 390
856 7 271
328 7 500
328 7 862
726 7 62
273 7 876
726 7 60
951 7 904
902 7 94
547 7 854
856 7 145
748 7 145
856 7 282
510 7 40
328 7 854
547 7 862
547 7 500
273 7 644
547 7 747
748 7 135
--------------------------------------
336 7 904
32 7 862
32 7 500
273 7 217
726 7 463
32 7 747
510 7 282
273 7 453
461 7 593
951 7 644
951 7 540
951 7 783
32 7 876
902 7 904
726 7 453
510 7 390
510 7 271
726 7 217
273 7 463
461 7 463
951 7 671
328 7 823
951 7 670
951 7 790
32 7 644
273 7 678
461 7 135
856 7 904
273 7 671
510 7 185
273 7 670
510 7 184
726 7 329
951 7 785
273 7 790
748 7 185
748 7 184
856 7 94
726 7 790
726 7 670
273 7 329
726 7 671
461 7 368
726 7 678
951 7 678
32 7 823
726 7 540
726 7 783
273 7 135
726 7 785
461 7 390
461 7 271
32 7 712
461 7 145
547 7 40
902 7 823
273 7 145
951 7 854
856 7 62
856 7 60
328 7 904
902 7 712
726 7 644
273 7 593
951 7 747
951 7 500
951 7 862
32 7 854
547 7 60
461 7 94
547 7 62
273 7 368
726 7 876
461 7 282
547 7 904
951 7 876
273 7 40
951 7 135
32 7 463
510 7 678
336 7 185
336 7 184
461 7 747
726 7 185
461 7 62
461 7 60
461 7 876
902 7 854
951 7 368
856 7 644
32 7 593
951 7 145
32 7 40
726 7 184
902 7 747
461 7 862
328 7 40
461 7 500
547 7 368
902 7 862
510 7 790
902 7 500
510 7 671
510 7 670
273 7 185
273 7 184
273 7 390
510 7 217
951 7 271
951 7 390
32 7 368
748 7 904
461 7 40
547 7 135
856 7 747
547 7 94
902 7 876
273 7 271
856 7 862
856 7 500
510 7 463
510 7 329
951 7 282
32 7 60
547 7 390
32 7 62
547 7 271
32 7 135
726 7 282
547 7 145
328 7 62
461 7 644
328 7 60
902 7 644
273 7 282
510 7 453
856 7 876
336 7 145
32 7 540
951 7 453
547 7 282
726 7 390
32 7 783
726 7 271
32 7 785
726 7 145
328 7 94
461 7 678
336 7 390
951 7 329
461 7 790
461 7 670
461 7 671
336 7 135
32 7 670
951 7 463
32 7 790
32 7 671
273 7 94
32 7 678
951 7 60
461 7 783
461 7 785
726 7 135
748 7 712
951 7 62
328 7 282
902 7 785
951 7 217
902 7 783
510 7 593
902 7 540
856 7 854
461 7 540
273 7 60
336 7 368
273 7 62
336 7 282
951 7 593
461 7 329
32 7 94
547 7 184
547 7 185
461 7 453
856 7 823
32 7 329
748 7 823
461 7 217
902 7 678
726 7 368
902 7 671
510 7 145
902 7 790
902 7 670
510 7 368
336 7 271
32 7 217
32 7 453
856 7 712
726 7 593
902 7 329
328 7 185
328 7 184
951 7 40
510 7 135
32 7 185
510 7 712
32 7 184
951 7 94
461 7 904
328 7 368
902 7 217
336 7 94
547 7 876
748 7 644
336 7 217
902 7 453
336 7 593
856 7 368
726 7 904
510 7 823
547 7 644
748 7 876
336 7 329
748 7 94
856 7 135
902 7 463
510 7 854
510 7 94
856 7 593
328 7 145
328 7 390
748 7 747
328 7 271
748 7 500
856 7 463
748 7 862
510 7 862
336 7 453
902 7 593
328 7 135
547 7 790
547 7 670
547 7 671
547 7 540
547 7 783
547 7 785
748 7 854
902 7 368
336 7 463
336 7 785
328 7 329
510 7 876
32 7 145
856 7 329
748 7 329
547 7 678
461 7 712
748 7 40
336 7 790
902 7 135
336 7 670
336 7 671
902 7 271
510 7 500
902 7 390
32 7 390
336 7 678
951 7 184
510 7 747
32 7 271
951 7 185
328 7 671
328 7 678
856 7 217
273 7 823
336 7 40
748 7 678
461 7 823
547 7 329
902 7 145
856 7 453
748 7 671
748 7 670
748 7 790
902 7 282
336 7 644
32 7 282
856 7 790
856 7 670
328 7 463
273 7 904
547 7 453
328 7 593
461 7 854
547 7 217
748 7 60
856 7 540
748 7 785
856 7 783
748 7 62
748 7 783
856 7 785
748 7 540
510 7 783
510 7 540
510 7 785
510 7 644
328 7 217
328 7 453
547 7 593
547 7 463
336 7 62
336 7 60
856 7 671
336 7 540
336 7 783
856 7 678
336 7 862
902 7 184
336 7 500
856 7 40
336 7 747
328 7 644
726 7 40
273 7 854
32 7 904
726 7 862
726 7 500
748 7 368
726 7 747
336 7 876
328 7 876
273 7 747
273 7 862
902 7 60
902 7 62
273 7 500
726 7 854
461 7 184
461 7 185
902 7 185
748 7 593
328 7 783
328 7 540
328 7 785
273 7 712
328 7 670
328 7 790
951 7 823
748 7 463
336 7 854
748 7 217
902 7 40
547 7 823
951 7 712
726 7 712
748 7 453
336 7 823
547 7 712
726 7 823
748 7 282
328 7 712
336 7 712
856 7 184
510 7 62
856 7 185
510 7 904
726 7 94
273 7 785
273 7 783
273 7 540
510 7 60
328 7 747
748 7 271
856 7 390
748 7 390
856 7 271
328 7 500
328 7 862
726 7 62
273 7 876
726 7 60
951 7 904
902 7 94
547 7 854
856 7 145
748 7 145
856 7 282
510 7 40
328 7 854
547 7 862
547 7 500
273 7 644
547 7 747
748 7 135
--------------------------------------
684 9 951
682 9 774
215 9 354
215 9 596
682 9 526
669 9 966
999 9 798
137 9 354
137 9 596
480 9 798
941 9 774
684 9 966
578 9 176
215 9 467
682 9 881
857 9 756
941 9 549
999 9 302
682 9 756
669 9 951
684 9 176
137 9 467
480 9 302
999 9 549
941 9 302
480 9 549
578 9 966
669 9 151
684 9 818
684 9 817
669 9 829
578 9 756
137 9 818
669 9 944
137 9 817
999 9 774
857 9 966
941 9 756
684 9 944
684 9 829
669 9 818
215 9 320
669 9 817
941 9 526
999 9 881
480 9 320
941 9 881
857 9 176
684 9 151
999 9 526
684 9 756
857 9 829
215 9 798
999 9 354
999 9 596
480 9 354
480 9 596
857 9 944
578 9 818
137 9 951
578 9 817
684 9 881
137 9 151
215 9 549
684 9 526
215 9 302
682 9 320
857 9 951
137 9 829
999 9 467
857 9 151
480 9 467
669 9 354
669 9 596
684 9 774
137 9 944
682 9 798
215 9 774
578 9 951
682 9 549
669 9 467
941 9 951
669 9 25
215 9 526
137 9 176
941 9 176
682 9 302
857 9 818
578 9 151
857 9 817
215 9 881
941 9 966
999 9 320
682 9 25
578 9 829
578 9 944
137 9 966
684 9 798
480 9 829
137 9 881
215 9 756
857 9 467
480 9 151
578 9 25
941 9 817
941 9 818
999 9 951
480 9 951
669 9 320
480 9 25
684 9 320
137 9 756
999 9 829
480 9 817
941 9 151
480 9 818
999 9 151
941 9 944
578 9 320
941 9 829
669 9 798
999 9 944
480 9 944
857 9 354
857 9 596
999 9 817
999 9 818
682 9 354
682 9 596
684 9 25
669 9 549
480 9 176
578 9 354
578 9 596
669 9 302
941 9 354
941 9 596
137 9 774
857 9 320
684 9 302
215 9 966
684 9 549
682 9 467
215 9 176
578 9 467
669 9 774
137 9 526
480 9 966
137 9 320
215 9 951
682 9 176
857 9 302
682 9 966
669 9 526
578 9 774
941 9 25
857 9 549
999 9 756
480 9 756
669 9 881
137 9 798
215 9 829
215 9 944
137 9 549
215 9 151
857 9 25
857 9 798
669 9 756
578 9 881
999 9 25
137 9 302
941 9 467
578 9 526
682 9 151
215 9 818
215 9 817
682 9 951
215 9 25
999 9 176
578 9 798
682 9 944
857 9 526
480 9 774
137 9 25
941 9 798
682 9 829
857 9 881
684 9 467
682 9 817
578 9 302
480 9 881
941 9 320
999 9 966
857 9 774
669 9 176
682 9 818
480 9 526
578 9 549
684 9 354
684 9 596
--------------------------------------
