1000,30,1000,5,50,10,.08,.44
1000,30,1000,10,50,10,.10,.34
1000,30,1000,15,50,10,.19,.66
1000,30,1000,20,50,10,.14,.46
1000,30,1000,25,50,10,.32,2.76
1000,30,1000,30,50,10,.26,1.01
1000,30,1000,35,50,10,.19,.55
1000,30,1000,40,50,10,.35,2.65
1000,30,1000,45,50,10,.37,3.78
1000,30,1000,50,50,10,.37,1.90
1000,30,1000,55,50,10,.39,1.32
1000,30,1000,60,50,10,.47,5.51
1000,30,1000,65,50,10,.44,6.40
1000,30,1000,70,50,10,.46,3.96
1000,30,1000,75,50,10,.48,11.09
1000,30,1000,80,50,10,.45,2.55
1000,30,1000,85,50,10,.40,6.34
1000,30,1000,90,50,10,.32,1.85
1000,30,1000,95,50,10,.52,8.96
1000,30,1000,100,50,10,.79,17.37
1000,30,1000,105,50,10,.43,6.16
1000,30,1000,110,50,10,.36,4.12
1000,30,1000,115,50,10,.70,29.35
1000,30,1000,120,50,10,.61,11.92
1000,30,1000,125,50,10,.59,16.06
1000,30,1000,130,50,10,.54,10.27
1000,30,1000,140,50,10,.47,15.53
1000,30,1000,145,50,10,.88,42.15
