1000,5,1000,20,50,10,.12,.51
1000,10,1000,20,50,10,.11,.57
1000,15,1000,20,50,10,.31,.76
1000,20,1000,20,50,10,.17,.66
1000,25,1000,20,50,10,.25,.86
1000,30,1000,20,50,10,.36,3.46
1000,35,1000,20,50,10,.25,.97
1000,40,1000,20,50,10,.31,1.33
1000,45,1000,20,50,10,.21,.59
1000,50,1000,20,50,10,.40,2.44
1000,55,1000,20,50,10,.64,8.34
1000,60,1000,20,50,10,.63,3.29
1000,65,1000,20,50,10,.26,1.03
1000,70,1000,20,50,10,.27,.85
1000,75,1000,20,50,10,.64,9.40
1000,80,1000,20,50,10,.45,1.40
1000,85,1000,20,50,10,.41,2.25
1000,90,1000,20,50,10,.52,1.85
1000,95,1000,20,50,10,.58,4.48
1000,100,1000,20,50,10,.61,4.26
1000,105,1000,20,50,10,.36,6.10
1000,110,1000,20,50,10,.44,1.74
1000,115,1000,20,50,10,.54,3.96
1000,120,1000,20,50,10,.49,3.26
1000,125,1000,20,50,10,.51,3.23
1000,130,1000,20,50,10,.41,3.57
1000,135,1000,20,50,10,.52,5.13
1000,140,1000,20,50,10,.49,3.15
1000,145,1000,20,50,10,.72,17.42