3 -1 #SUP: 1650
3 -1 3 #SUP: 1650
3 -1 3 -1 3 #SUP: 1650
3 -1 3 -1 3 -1 3 #SUP: 1650
3 -1 3 -1 3 -1 3 -1 3 #SUP: 1650
3 -1 3 -1 3 -1 3 -1 3 -1 3 #SUP: 936
3 -1 3 -1 3 -1 3 -1 3 -1 3 -1 3 #SUP: 936
3 -1 3 -1 3 -1 3 -1 3 -1 3 -1 3 -1 3 #SUP: 936
3 -1 3 -1 3 -1 3 -1 3 -1 3 -1 3 -1 3 -1 3 #SUP: 936
4 -1 #SUP: 42
4 -1 4 #SUP: 42
4 -1 4 -1 4 #SUP: 42
4 -1 4 -1 4 -1 4 #SUP: 42
5 -1 #SUP: 482
5 -1 5 #SUP: 482
5 -1 5 -1 5 #SUP: 482
5 -1 5 -1 5 -1 5 #SUP: 482
5 -1 5 -1 5 -1 5 -1 5 #SUP: 482
5 -1 5 -1 5 -1 5 -1 5 -1 5 #SUP: 482
5 -1 5 -1 5 -1 5 -1 5 -1 5 -1 5 #SUP: 482
6 -1 #SUP: 741
6 -1 6 #SUP: 267
6 -1 6 -1 6 #SUP: 32
8 -1 #SUP: 480
8 -1 8 #SUP: 480
8 -1 8 -1 8 #SUP: 480
8 -1 8 -1 8 -1 8 #SUP: 480
8 -1 8 -1 8 -1 8 -1 8 #SUP: 480
8 -1 8 -1 8 -1 8 -1 8 -1 8 #SUP: 480
8 -1 8 -1 8 -1 8 -1 8 -1 8 -1 8 #SUP: 480
8 -1 8 -1 8 -1 8 -1 8 -1 8 -1 8 -1 8 #SUP: 480
8 -1 8 -1 8 -1 8 -1 8 -1 8 -1 8 -1 8 -1 8 #SUP: 480
8 -1 8 -1 8 -1 8 -1 8 -1 8 -1 8 -1 8 -1 8 -1 8 #SUP: 480
9 -1 #SUP: 430
9 -1 9 #SUP: 430
9 -1 9 -1 9 #SUP: 430
9 -1 9 -1 9 -1 9 #SUP: 430
9 -1 9 -1 9 -1 9 -1 9 #SUP: 430
9 -1 9 -1 9 -1 9 -1 9 -1 9 #SUP: 430
