1000,30,1000,20,5,10,.05,.32
1000,30,1000,20,10,10,.28,.54
1000,30,1000,20,15,10,.27,.80
1000,30,1000,20,20,10,.28,.69
1000,30,1000,20,25,10,.26,.76
1000,30,1000,20,30,10,.22,1.00
1000,30,1000,20,35,10,.31,.97
1000,30,1000,20,40,10,.33,.64
1000,30,1000,20,45,10,.21,.79
1000,30,1000,20,50,10,.21,1.09
1000,30,1000,20,55,10,.21,.56
1000,30,1000,20,60,10,.24,.94
1000,30,1000,20,65,10,.26,.62
1000,30,1000,20,70,10,.25,.74
1000,30,1000,20,75,10,.20,1.15
1000,30,1000,20,80,10,.22,.71
1000,30,1000,20,85,10,.35,1.47
1000,30,1000,20,90,10,.30,.79
1000,30,1000,20,95,10,.24,.68
1000,30,1000,20,100,10,.17,.49
1000,30,1000,20,105,10,.22,.99
1000,30,1000,20,110,10,.24,.78
1000,30,1000,20,115,10,.27,.90
1000,30,1000,20,120,10,.29,.76
