100,30,1000,20,50,10,.29,.89
300,30,1000,20,50,10,.17,.75
500,30,1000,20,50,10,.24,.78
700,30,1000,20,50,10,.24,.76
1000,30,1000,20,50,10,.25,.69
1200,30,1000,20,50,10,.33,.88
1400,30,1000,20,50,10,.37,.50
1600,30,1000,20,50,10,.30,.95
1800,30,1000,20,50,10,.40,1.05
2000,30,1000,20,50,10,.23,.74

1000,5,1000,20,50,10,.12,.51
1000,10,1000,20,50,10,.11,.57
1000,15,1000,20,50,10,.31,.76
1000,20,1000,20,50,10,.17,.66
1000,25,1000,20,50,10,.25,.86
1000,30,1000,20,50,10,.36,3.46
1000,35,1000,20,50,10,.25,.97
1000,40,1000,20,50,10,.31,1.33
1000,45,1000,20,50,10,.21,.59
1000,50,1000,20,50,10,.40,2.44
1000,55,1000,20,50,10,.64,8.34
1000,60,1000,20,50,10,.63,3.29
1000,65,1000,20,50,10,.26,1.03
1000,70,1000,20,50,10,.27,.85
1000,75,1000,20,50,10,.64,9.40
1000,80,1000,20,50,10,.45,1.40
1000,85,1000,20,50,10,.41,2.25
1000,90,1000,20,50,10,.52,1.85
1000,95,1000,20,50,10,.58,4.48
1000,100,1000,20,50,10,.61,4.26
1000,105,1000,20,50,10,.36,6.10
1000,110,1000,20,50,10,.44,1.74
1000,115,1000,20,50,10,.54,3.96
1000,120,1000,20,50,10,.49,3.26
1000,125,1000,20,50,10,.51,3.23
1000,130,1000,20,50,10,.41,3.57
1000,135,1000,20,50,10,.52,5.13
1000,140,1000,20,50,10,.49,3.15
1000,145,1000,20,50,10,.72,17.42
1000,150,1000,20,50,10,.64,7.03

1000,30,100,20,50,10,.20,.68
1000,30,300,20,50,10,.16,.50
1000,30,500,20,50,10,.18,.53
1000,30,700,20,50,10,.17,.49
1000,30,1000,20,50,10,.25,1.22
1000,30,1200,20,50,10,.13,.43
1000,30,1400,20,50,10,.18,.55
1000,30,1600,20,50,10,.17,.63
1000,30,1800,20,50,10,.22,.64
1000,30,2000,20,50,10,.17,.56

1000,30,1000,5,50,10,.08,.44
1000,30,1000,10,50,10,.10,.34
1000,30,1000,15,50,10,.19,.66
1000,30,1000,20,50,10,.14,.46
1000,30,1000,25,50,10,.32,2.76
1000,30,1000,30,50,10,.26,1.01
1000,30,1000,35,50,10,.19,.55
1000,30,1000,40,50,10,.35,2.65
1000,30,1000,45,50,10,.37,3.78
1000,30,1000,50,50,10,.37,1.90
1000,30,1000,55,50,10,.39,1.32
1000,30,1000,60,50,10,.47,5.51
1000,30,1000,65,50,10,.44,6.40
1000,30,1000,70,50,10,.46,3.96
1000,30,1000,75,50,10,.48,11.09
1000,30,1000,80,50,10,.45,2.55
1000,30,1000,85,50,10,.40,6.34
1000,30,1000,90,50,10,.32,1.85
1000,30,1000,95,50,10,.52,8.96
1000,30,1000,100,50,10,.79,17.37
1000,30,1000,105,50,10,.43,6.16
1000,30,1000,110,50,10,.36,4.12
1000,30,1000,115,50,10,.70,29.35
1000,30,1000,120,50,10,.61,11.92
1000,30,1000,125,50,10,.59,16.06
1000,30,1000,130,50,10,.54,10.27
1000,30,1000,135,50,10,1.24,153.67
1000,30,1000,140,50,10,.47,15.53
1000,30,1000,145,50,10,.88,42.15
1000,30,1000,150,50,10,.54,4.64

1000,30,1000,20,5,10,.08,.32
1000,30,1000,20,10,10,.17,.96
1000,30,1000,20,15,10,.17,.77
1000,30,1000,20,20,10,.21,.63
1000,30,1000,20,25,10,.22,.72
1000,30,1000,20,30,10,.17,.59
1000,30,1000,20,35,10,.17,.70
1000,30,1000,20,40,10,.18,.50
1000,30,1000,20,45,10,.17,.51
1000,30,1000,20,50,10,.08,.33

1000,30,1000,20,50,5,.07,.31
1000,30,1000,20,50,10,.26,.73
1000,30,1000,20,50,15,.28,.75
1000,30,1000,20,50,20,.35,2.01
1000,30,1000,20,50,25,.39,2.11
1000,30,1000,20,50,30,.49,9.37
1000,30,1000,20,50,35,.47,6.96
1000,30,1000,20,50,40,.45,18.45
1000,30,1000,20,50,45,.49,20.97
1000,30,1000,20,50,50,.61,115.66
1000,30,1000,20,50,55,.72,174.23
1000,30,1000,20,50,60,.80,74.98
1000,30,1000,20,50,65,.65,634.31
1000,30,1000,20,50,70,.86,852.65
