465 8 637
670 8 142
897 8 273
679 8 520
752 8 630
492 8 773
492 8 534
13 8 507
413 8 185
670 8 139
13 8 501
519 8 119
937 8 332
635 8 273
75 8 273
752 8 637
679 8 773
679 8 534
540 8 806
178 8 658
13 8 984
13 8 983
486 8 834
776 8 534
134 8 142
492 8 507
776 8 773
13 8 534
75 8 249
802 8 185
178 8 430
897 8 254
897 8 249
679 8 501
679 8 983
274 8 48
679 8 984
134 8 139
13 8 773
486 8 824
679 8 507
519 8 332
740 8 273
776 8 520
752 8 658
75 8 254
465 8 630
772 8 185
178 8 438
316 8 185
492 8 520
13 8 520
462 8 720
274 8 824
519 8 142
776 8 119
597 8 249
876 8 254
937 8 120
465 8 834
855 8 48
937 8 361
752 8 430
679 8 720
776 8 361
597 8 254
776 8 120
492 8 974
540 8 48
413 8 142
274 8 834
937 8 139
462 8 974
670 8 332
635 8 472
752 8 438
876 8 249
75 8 472
679 8 974
413 8 139
492 8 983
492 8 984
492 8 501
486 8 637
134 8 185
462 8 984
462 8 983
519 8 120
462 8 501
519 8 361
776 8 332
274 8 806
486 8 630
802 8 142
13 8 974
178 8 630
670 8 120
670 8 361
635 8 254
670 8 119
597 8 273
937 8 119
437 8 273
772 8 139
465 8 824
519 8 139
802 8 139
772 8 142
178 8 637
635 8 249
876 8 273
13 8 720
462 8 507
492 8 720
287 8 185
462 8 520
802 8 120
976 8 637
802 8 361
519 8 501
931 8 974
519 8 984
178 8 254
897 8 430
519 8 983
976 8 630
540 8 637
635 8 430
519 8 507
178 8 249
957 8 720
635 8 438
740 8 438
462 8 534
338 8 185
462 8 773
976 8 48
802 8 119
465 8 249
931 8 720
679 8 142
456 8 185
465 8 254
679 8 139
897 8 438
957 8 974
413 8 332
716 8 273
776 8 139
752 8 806
84 8 273
937 8 142
521 8 273
306 8 720
519 8 720
178 8 273
957 8 983
134 8 534
957 8 501
776 8 142
957 8 984
957 8 507
740 8 658
413 8 120
413 8 361
802 8 332
134 8 773
740 8 430
519 8 974
679 8 361
679 8 120
540 8 630
492 8 48
274 8 185
465 8 472
897 8 658
413 8 119
679 8 119
134 8 361
84 8 254
424 8 501
134 8 120
976 8 834
855 8 720
424 8 983
424 8 984
306 8 507
521 8 254
465 8 438
897 8 472
306 8 984
287 8 142
306 8 501
424 8 507
670 8 185
752 8 824
306 8 983
540 8 834
486 8 806
338 8 48
521 8 249
287 8 139
635 8 630
957 8 520
134 8 119
413 8 520
635 8 637
424 8 974
338 8 142
855 8 974
462 8 332
976 8 824
740 8 254
456 8 142
752 8 834
306 8 974
456 8 139
679 8 332
957 8 773
957 8 534
413 8 534
740 8 249
413 8 773
338 8 139
597 8 48
287 8 361
855 8 983
855 8 984
316 8 806
84 8 472
855 8 501
424 8 720
465 8 658
855 8 507
521 8 472
287 8 120
937 8 185
306 8 520
519 8 520
178 8 472
287 8 119
776 8 185
635 8 658
740 8 472
802 8 773
976 8 806
134 8 332
670 8 48
456 8 120
519 8 534
84 8 249
519 8 773
456 8 361
802 8 534
540 8 824
456 8 119
465 8 430
462 8 249
802 8 520
84 8 332
976 8 119
134 8 720
521 8 332
772 8 501
772 8 507
437 8 658
976 8 120
976 8 361
897 8 824
75 8 824
413 8 720
424 8 534
306 8 658
274 8 119
462 8 254
75 8 834
424 8 773
540 8 254
855 8 658
287 8 472
716 8 438
540 8 249
274 8 361
957 8 332
897 8 834
772 8 520
274 8 120
716 8 430
338 8 332
413 8 974
740 8 720
13 8 185
670 8 806
802 8 984
486 8 273
876 8 637
802 8 983
931 8 438
660 8 520
424 8 520
802 8 507
931 8 430
456 8 430
876 8 630
316 8 720
976 8 332
802 8 501
437 8 637
635 8 974
413 8 507
287 8 438
274 8 332
413 8 501
597 8 630
670 8 834
437 8 630
897 8 806
75 8 806
413 8 984
13 8 48
413 8 983
306 8 438
597 8 637
855 8 430
660 8 773
338 8 361
338 8 120
660 8 534
306 8 430
855 8 438
540 8 472
772 8 974
462 8 273
316 8 974
802 8 974
635 8 720
456 8 438
338 8 119
772 8 984
521 8 534
772 8 983
670 8 824
957 8 119
802 8 720
931 8 658
84 8 773
660 8 984
134 8 520
660 8 983
740 8 520
486 8 48
660 8 501
316 8 507
519 8 824
521 8 773
597 8 806
316 8 501
316 8 984
84 8 534
316 8 983
540 8 438
957 8 361
957 8 120
287 8 658
338 8 520
424 8 48
937 8 806
424 8 332
876 8 806
740 8 773
519 8 834
521 8 520
679 8 185
178 8 185
287 8 430
897 8 630
456 8 658
492 8 185
772 8 720
134 8 501
897 8 637
338 8 773
306 8 48
957 8 139
338 8 534
660 8 507
134 8 507
716 8 472
13 8 142
931 8 637
597 8 824
876 8 834
306 8 249
660 8 720
740 8 983
134 8 983
134 8 984
521 8 48
316 8 520
976 8 534
931 8 630
976 8 773
540 8 658
437 8 834
957 8 142
519 8 806
521 8 501
521 8 983
716 8 249
287 8 637
521 8 984
134 8 974
740 8 974
521 8 507
274 8 139
855 8 472
597 8 834
876 8 824
84 8 520
679 8 48
660 8 974
540 8 430
316 8 773
306 8 472
316 8 534
976 8 520
437 8 824
456 8 637
456 8 630
521 8 974
465 8 273
274 8 142
716 8 254
740 8 501
740 8 984
740 8 507
274 8 507
519 8 185
13 8 119
855 8 249
660 8 142
84 8 974
716 8 824
306 8 273
521 8 720
437 8 254
670 8 658
316 8 48
679 8 806
492 8 139
178 8 806
338 8 720
855 8 254
424 8 139
75 8 438
772 8 119
306 8 254
287 8 630
84 8 984
752 8 119
75 8 430
84 8 983
84 8 501
716 8 834
772 8 120
752 8 120
772 8 361
752 8 361
492 8 142
84 8 507
424 8 142
274 8 520
486 8 438
338 8 974
437 8 249
937 8 824
486 8 430
13 8 139
660 8 120
660 8 361
957 8 185
178 8 824
456 8 824
976 8 185
957 8 48
338 8 507
772 8 332
287 8 834
660 8 119
670 8 438
338 8 501
274 8 974
338 8 983
597 8 472
855 8 273
492 8 119
338 8 984
937 8 834
670 8 430
424 8 119
75 8 658
660 8 139
437 8 472
316 8 332
752 8 139
84 8 720
456 8 834
752 8 142
492 8 361
287 8 48
931 8 273
492 8 120
178 8 834
876 8 472
424 8 361
424 8 120
274 8 983
486 8 658
274 8 501
274 8 984
13 8 361
13 8 120
876 8 658
486 8 254
931 8 254
492 8 332
486 8 249
456 8 806
776 8 501
597 8 658
937 8 658
316 8 119
75 8 630
776 8 983
437 8 48
776 8 984
776 8 507
931 8 249
716 8 637
316 8 120
316 8 361
287 8 824
424 8 185
75 8 637
716 8 630
776 8 974
876 8 438
486 8 472
876 8 430
976 8 139
437 8 438
976 8 142
772 8 773
597 8 430
437 8 430
13 8 332
274 8 773
670 8 637
274 8 534
597 8 438
670 8 630
937 8 637
660 8 332
540 8 273
937 8 630
776 8 720
772 8 534
316 8 139
716 8 658
287 8 806
752 8 185
316 8 142
931 8 472
937 8 48
752 8 507
13 8 637
776 8 438
752 8 984
752 8 983
752 8 501
178 8 773
802 8 48
75 8 142
465 8 520
876 8 185
316 8 273
13 8 630
492 8 658
134 8 273
670 8 254
519 8 472
486 8 720
465 8 773
752 8 520
178 8 534
776 8 430
462 8 806
679 8 658
597 8 185
740 8 142
776 8 658
13 8 658
635 8 185
75 8 361
465 8 974
75 8 120
465 8 983
752 8 773
492 8 630
740 8 139
519 8 48
492 8 637
937 8 438
134 8 254
75 8 139
465 8 507
937 8 430
752 8 534
897 8 142
465 8 501
876 8 48
465 8 984
670 8 273
679 8 630
897 8 139
679 8 637
134 8 249
462 8 824
957 8 806
413 8 254
937 8 249
13 8 834
486 8 773
437 8 185
635 8 120
635 8 361
876 8 139
660 8 185
772 8 273
876 8 142
413 8 249
462 8 834
635 8 119
13 8 824
519 8 273
75 8 119
486 8 520
597 8 139
802 8 273
937 8 254
178 8 983
178 8 984
465 8 720
178 8 974
776 8 472
274 8 720
597 8 142
413 8 273
740 8 185
670 8 249
306 8 806
772 8 249
635 8 142
519 8 249
716 8 806
772 8 254
178 8 507
635 8 139
178 8 501
752 8 332
486 8 501
679 8 824
957 8 824
486 8 507
492 8 834
519 8 254
75 8 332
802 8 254
462 8 630
486 8 983
486 8 984
937 8 472
178 8 520
521 8 185
670 8 472
897 8 185
486 8 974
679 8 834
957 8 834
306 8 824
492 8 806
465 8 119
424 8 824
855 8 806
540 8 520
802 8 249
465 8 120
679 8 249
465 8 361
134 8 438
716 8 142
462 8 637
976 8 507
134 8 430
802 8 472
740 8 332
84 8 185
519 8 637
976 8 984
976 8 983
976 8 501
540 8 534
540 8 773
519 8 630
178 8 142
679 8 254
437 8 806
178 8 139
776 8 273
660 8 824
492 8 824
413 8 472
931 8 834
413 8 48
424 8 806
855 8 824
976 8 974
540 8 984
540 8 501
679 8 472
456 8 273
540 8 983
897 8 520
635 8 332
740 8 534
134 8 658
462 8 658
931 8 824
306 8 834
776 8 249
462 8 430
976 8 720
855 8 834
521 8 142
937 8 273
13 8 806
897 8 773
897 8 534
521 8 139
540 8 507
957 8 630
776 8 254
957 8 637
660 8 806
740 8 120
740 8 361
456 8 254
178 8 332
540 8 720
75 8 185
84 8 139
456 8 249
740 8 48
462 8 438
338 8 249
716 8 185
740 8 119
134 8 472
519 8 430
287 8 273
802 8 430
931 8 806
84 8 142
519 8 438
897 8 120
521 8 361
802 8 438
897 8 361
521 8 120
540 8 974
635 8 984
635 8 983
465 8 332
521 8 119
635 8 501
897 8 119
635 8 507
413 8 658
338 8 254
957 8 658
456 8 48
413 8 430
338 8 273
456 8 472
84 8 119
752 8 720
660 8 48
465 8 534
635 8 534
635 8 773
306 8 637
855 8 630
424 8 834
84 8 120
84 8 361
519 8 658
462 8 472
855 8 637
752 8 974
802 8 658
931 8 48
178 8 361
306 8 630
287 8 254
178 8 120
897 8 332
679 8 430
287 8 249
178 8 119
957 8 430
635 8 520
413 8 438
679 8 438
957 8 438
316 8 824
855 8 520
597 8 720
540 8 361
931 8 332
462 8 120
540 8 120
456 8 332
462 8 361
876 8 974
540 8 119
772 8 630
274 8 472
660 8 658
134 8 834
424 8 430
437 8 773
462 8 119
635 8 834
437 8 534
740 8 834
660 8 430
462 8 139
802 8 630
316 8 834
855 8 773
424 8 658
597 8 974
855 8 534
802 8 637
876 8 720
306 8 534
306 8 773
772 8 637
976 8 472
521 8 438
597 8 983
437 8 520
134 8 824
274 8 249
635 8 824
84 8 430
597 8 507
597 8 984
338 8 472
597 8 501
670 8 720
84 8 438
462 8 142
521 8 430
465 8 185
660 8 637
486 8 142
876 8 507
424 8 630
876 8 983
424 8 637
876 8 984
876 8 501
287 8 332
134 8 806
521 8 658
957 8 472
437 8 507
413 8 637
486 8 139
597 8 520
716 8 332
413 8 630
437 8 983
437 8 984
740 8 824
437 8 501
976 8 438
84 8 658
931 8 773
976 8 430
931 8 534
772 8 824
413 8 806
897 8 984
897 8 983
456 8 520
274 8 273
897 8 501
424 8 472
897 8 507
957 8 249
134 8 637
13 8 273
740 8 637
437 8 974
316 8 637
660 8 630
855 8 332
134 8 630
772 8 834
316 8 630
540 8 332
306 8 332
75 8 48
931 8 520
802 8 834
521 8 637
716 8 119
338 8 658
456 8 773
957 8 254
456 8 534
437 8 720
84 8 630
752 8 48
772 8 806
976 8 658
521 8 630
287 8 520
306 8 120
462 8 185
84 8 637
802 8 824
679 8 273
465 8 139
897 8 720
492 8 273
456 8 983
465 8 142
413 8 824
456 8 984
456 8 501
660 8 834
274 8 254
456 8 507
716 8 120
716 8 361
635 8 48
462 8 48
486 8 185
306 8 119
931 8 507
316 8 658
424 8 438
84 8 48
740 8 630
855 8 119
287 8 773
134 8 48
287 8 534
931 8 983
931 8 501
931 8 984
957 8 273
338 8 438
897 8 974
306 8 361
716 8 139
413 8 834
338 8 430
635 8 806
855 8 361
855 8 120
776 8 834
716 8 48
486 8 332
937 8 720
178 8 48
437 8 142
287 8 983
876 8 332
287 8 501
306 8 142
287 8 984
772 8 472
752 8 472
931 8 185
456 8 720
492 8 254
802 8 806
424 8 273
597 8 332
274 8 630
13 8 472
437 8 139
274 8 637
670 8 773
306 8 139
316 8 438
937 8 974
465 8 806
855 8 139
670 8 534
316 8 430
776 8 824
776 8 48
660 8 273
287 8 507
521 8 834
456 8 974
855 8 142
876 8 119
424 8 249
75 8 520
540 8 185
660 8 249
437 8 361
437 8 120
84 8 834
752 8 249
287 8 720
521 8 824
437 8 119
716 8 720
492 8 472
752 8 254
876 8 361
876 8 120
424 8 254
13 8 254
660 8 254
597 8 119
75 8 773
75 8 534
13 8 249
776 8 806
178 8 720
287 8 974
338 8 637
716 8 974
486 8 534
338 8 630
772 8 48
492 8 249
597 8 361
597 8 120
75 8 983
75 8 984
670 8 983
776 8 630
13 8 438
75 8 501
670 8 984
937 8 520
670 8 501
876 8 773
776 8 637
716 8 507
876 8 534
931 8 139
772 8 430
752 8 273
716 8 984
338 8 806
316 8 472
716 8 983
716 8 501
931 8 142
75 8 507
274 8 430
597 8 773
437 8 332
521 8 806
13 8 430
486 8 361
274 8 438
486 8 120
597 8 534
937 8 534
937 8 773
670 8 974
772 8 438
876 8 520
84 8 824
660 8 472
740 8 806
976 8 273
306 8 185
486 8 119
855 8 185
670 8 520
75 8 720
931 8 119
937 8 984
937 8 501
937 8 983
897 8 48
540 8 142
976 8 254
316 8 249
338 8 824
540 8 139
931 8 361
492 8 430
931 8 120
660 8 438
716 8 520
492 8 438
937 8 507
274 8 658
465 8 48
75 8 974
772 8 658
976 8 249
316 8 254
338 8 834
716 8 534
84 8 806
670 8 507
716 8 773
--------------------------------------
993 3 264
837 3 566
936 3 652
936 3 774
438 3 250
979 3 250
438 3 251
979 3 251
993 3 267
77 3 186
454 3 572
837 3 572
993 3 251
936 3 882
936 3 645
438 3 264
993 3 250
979 3 264
438 3 267
53 3 251
53 3 250
454 3 101
972 3 186
438 3 153
936 3 799
837 3 785
936 3 314
837 3 548
267 3 186
979 3 101
991 3 186
53 3 239
454 3 314
454 3 799
837 3 314
936 3 785
837 3 799
993 3 153
841 3 186
936 3 548
53 3 101
454 3 566
326 3 186
979 3 239
837 3 645
267 3 19
438 3 572
837 3 882
837 3 23
454 3 23
993 3 101
326 3 250
53 3 572
454 3 774
454 3 652
438 3 566
267 3 23
326 3 251
454 3 19
993 3 572
326 3 239
841 3 23
979 3 186
837 3 652
936 3 566
438 3 101
837 3 774
53 3 566
454 3 785
991 3 153
936 3 572
841 3 19
454 3 548
979 3 153
936 3 239
972 3 19
979 3 23
53 3 314
267 3 267
454 3 994
979 3 267
267 3 264
972 3 23
737 3 950
454 3 757
53 3 799
991 3 267
991 3 264
326 3 153
979 3 19
936 3 101
837 3 994
993 3 239
837 3 757
837 3 19
53 3 785
991 3 251
267 3 153
454 3 882
326 3 267
991 3 250
326 3 264
454 3 645
438 3 239
53 3 548
438 3 652
993 3 548
993 3 785
329 3 950
972 3 572
979 3 882
438 3 645
326 3 572
979 3 645
53 3 23
326 3 314
326 3 799
993 3 774
326 3 19
993 3 652
972 3 101
991 3 239
267 3 251
979 3 652
438 3 774
326 3 566
979 3 774
267 3 250
936 3 950
993 3 566
972 3 239
267 3 101
825 3 950
454 3 950
438 3 785
863 3 186
991 3 101
438 3 548
993 3 19
837 3 950
993 3 314
993 3 799
267 3 239
53 3 186
326 3 101
438 3 314
979 3 994
438 3 799
993 3 23
979 3 757
991 3 572
329 3 882
326 3 645
979 3 572
991 3 566
267 3 566
326 3 774
329 3 994
972 3 251
972 3 250
979 3 566
326 3 652
590 3 186
329 3 757
326 3 757
991 3 314
991 3 799
972 3 267
77 3 950
326 3 882
267 3 572
972 3 264
329 3 645
936 3 994
841 3 950
326 3 548
936 3 757
993 3 645
993 3 882
825 3 757
991 3 785
267 3 548
825 3 994
53 3 153
863 3 267
863 3 264
267 3 785
991 3 548
972 3 153
979 3 785
979 3 548
438 3 882
993 3 757
993 3 994
267 3 314
267 3 799
53 3 267
991 3 774
825 3 645
53 3 264
825 3 882
326 3 785
438 3 994
863 3 153
53 3 19
590 3 153
979 3 799
979 3 314
438 3 757
991 3 652
590 3 267
737 3 264
329 3 23
863 3 239
267 3 645
991 3 645
825 3 774
267 3 882
825 3 652
329 3 314
991 3 882
329 3 799
590 3 264
737 3 251
737 3 250
329 3 572
329 3 19
825 3 548
991 3 994
825 3 785
267 3 652
267 3 774
77 3 994
991 3 757
863 3 251
329 3 566
863 3 250
77 3 757
590 3 250
590 3 251
841 3 994
590 3 23
825 3 314
825 3 799
863 3 101
972 3 994
326 3 994
329 3 774
438 3 19
737 3 239
329 3 652
590 3 239
825 3 572
993 3 950
590 3 19
972 3 757
972 3 645
438 3 23
267 3 757
825 3 566
267 3 994
972 3 882
329 3 785
438 3 950
737 3 101
329 3 548
737 3 186
841 3 774
590 3 101
841 3 652
863 3 566
972 3 652
972 3 774
77 3 785
329 3 239
77 3 548
841 3 645
329 3 251
329 3 250
841 3 882
991 3 950
972 3 785
825 3 101
863 3 572
77 3 314
77 3 799
590 3 572
841 3 757
841 3 799
841 3 314
326 3 23
329 3 101
590 3 566
972 3 548
972 3 799
825 3 239
863 3 785
972 3 314
77 3 882
326 3 950
77 3 645
841 3 548
737 3 153
841 3 785
590 3 799
590 3 314
825 3 251
825 3 250
863 3 548
863 3 314
863 3 799
972 3 566
77 3 652
267 3 950
77 3 774
979 3 950
737 3 267
590 3 785
841 3 572
825 3 264
590 3 548
863 3 757
53 3 774
53 3 652
863 3 645
863 3 882
77 3 101
737 3 774
936 3 264
737 3 652
590 3 652
590 3 774
841 3 566
991 3 23
825 3 153
863 3 23
863 3 774
454 3 186
863 3 19
863 3 652
53 3 882
825 3 267
737 3 645
837 3 186
991 3 19
77 3 239
53 3 645
936 3 250
825 3 19
737 3 882
936 3 251
590 3 882
329 3 264
590 3 645
837 3 267
53 3 994
454 3 153
825 3 23
737 3 757
77 3 566
837 3 153
737 3 994
77 3 19
53 3 757
936 3 267
590 3 994
841 3 101
329 3 153
590 3 757
863 3 994
77 3 572
936 3 19
329 3 267
936 3 153
737 3 23
993 3 186
841 3 251
841 3 250
825 3 186
454 3 250
936 3 23
77 3 264
454 3 251
77 3 267
837 3 250
837 3 251
936 3 186
737 3 572
438 3 186
77 3 23
737 3 19
77 3 153
454 3 264
454 3 267
837 3 264
737 3 566
841 3 239
837 3 101
329 3 186
841 3 153
53 3 950
972 3 950
737 3 799
737 3 314
454 3 239
590 3 950
837 3 239
841 3 267
841 3 264
77 3 250
77 3 251
863 3 950
737 3 548
737 3 785
--------------------------------------
482 1 379
718 1 23
848 1 889
402 1 134
634 1 517
819 1 697
349 1 827
503 1 517
349 1 825
508 1 48
558 1 68
402 1 123
402 1 127
85 1 207
848 1 882
280 1 825
922 1 178
349 1 816
154 1 48
819 1 207
280 1 827
508 1 560
85 1 654
634 1 983
634 1 501
877 1 622
314 1 23
508 1 558
245 1 517
154 1 843
558 1 88
508 1 68
482 1 346
85 1 665
610 1 622
280 1 843
154 1 23
245 1 983
385 1 560
245 1 501
558 1 80
922 1 192
770 1 88
154 1 88
154 1 816
848 1 449
188 1 627
402 1 178
634 1 558
188 1 622
770 1 80
154 1 80
610 1 627
385 1 558
848 1 451
819 1 654
922 1 123
634 1 560
508 1 88
154 1 825
154 1 827
877 1 627
558 1 23
848 1 436
922 1 127
848 1 441
663 1 748
922 1 134
508 1 80
503 1 501
188 1 88
503 1 983
402 1 157
188 1 80
610 1 654
85 1 697
877 1 665
922 1 147
245 1 558
188 1 654
457 1 346
402 1 147
280 1 882
610 1 665
558 1 48
832 1 748
877 1 654
526 1 622
280 1 889
819 1 665
526 1 627
922 1 157
154 1 68
508 1 127
508 1 123
314 1 379
443 1 748
855 1 379
188 1 665
783 1 178
922 1 558
154 1 451
289 1 134
688 1 449
154 1 454
154 1 457
688 1 454
922 1 560
634 1 127
319 1 827
314 1 80
688 1 457
634 1 123
385 1 517
105 1 934
314 1 88
688 1 451
319 1 825
508 1 134
17 1 843
469 1 748
289 1 127
660 1 827
289 1 123
660 1 825
526 1 654
402 1 23
245 1 560
688 1 441
385 1 501
385 1 983
508 1 147
188 1 68
9 1 622
154 1 436
402 1 192
457 1 379
9 1 627
660 1 816
289 1 157
718 1 88
526 1 665
620 1 934
188 1 207
718 1 80
688 1 436
508 1 157
783 1 192
503 1 934
154 1 449
188 1 697
388 1 934
770 1 889
482 1 748
289 1 147
402 1 48
154 1 441
848 1 457
770 1 882
848 1 454
319 1 816
819 1 622
17 1 827
960 1 379
188 1 48
819 1 627
17 1 825
188 1 23
770 1 816
105 1 983
686 1 346
105 1 501
590 1 697
718 1 68
289 1 178
922 1 517
699 1 622
245 1 134
17 1 816
508 1 178
314 1 48
770 1 825
314 1 346
770 1 827
855 1 346
508 1 192
319 1 882
526 1 697
402 1 68
526 1 207
245 1 123
634 1 157
245 1 127
718 1 48
385 1 934
634 1 147
289 1 192
245 1 157
319 1 843
314 1 68
280 1 816
154 1 889
590 1 207
770 1 843
686 1 379
402 1 80
154 1 882
402 1 88
660 1 843
699 1 627
634 1 134
245 1 147
17 1 457
482 1 816
188 1 147
9 1 207
590 1 654
590 1 68
17 1 454
770 1 454
17 1 451
770 1 457
770 1 451
718 1 748
660 1 436
699 1 665
526 1 123
620 1 558
447 1 827
447 1 825
245 1 178
469 1 346
523 1 654
9 1 697
855 1 889
188 1 157
783 1 560
686 1 436
590 1 665
17 1 441
319 1 441
105 1 558
699 1 654
526 1 134
877 1 157
447 1 816
526 1 127
688 1 843
319 1 436
443 1 68
17 1 449
634 1 192
960 1 436
388 1 889
590 1 88
686 1 449
349 1 379
523 1 627
443 1 48
17 1 436
289 1 558
443 1 207
686 1 441
688 1 825
388 1 882
526 1 147
688 1 827
245 1 192
960 1 882
922 1 983
960 1 889
105 1 517
314 1 748
319 1 889
188 1 178
660 1 882
686 1 457
686 1 454
443 1 697
855 1 441
922 1 501
686 1 451
660 1 889
526 1 157
688 1 816
620 1 517
634 1 178
877 1 178
590 1 80
469 1 379
523 1 622
855 1 436
523 1 207
388 1 825
783 1 134
590 1 23
443 1 665
688 1 889
154 1 379
523 1 697
388 1 816
855 1 843
9 1 654
349 1 346
17 1 882
590 1 622
783 1 123
960 1 23
783 1 127
620 1 501
699 1 697
482 1 843
620 1 983
289 1 560
590 1 627
526 1 178
688 1 882
699 1 207
188 1 192
388 1 827
17 1 889
877 1 192
686 1 889
660 1 457
660 1 454
770 1 436
590 1 48
319 1 454
388 1 843
783 1 157
660 1 451
319 1 451
922 1 934
686 1 882
608 1 748
105 1 560
960 1 441
960 1 449
319 1 449
482 1 827
660 1 441
770 1 449
855 1 882
482 1 825
526 1 192
783 1 147
443 1 654
447 1 843
660 1 449
770 1 441
960 1 451
402 1 934
960 1 454
443 1 80
319 1 457
523 1 665
960 1 457
443 1 88
319 1 23
9 1 665
289 1 934
718 1 346
105 1 147
960 1 816
447 1 436
9 1 23
620 1 157
877 1 558
877 1 560
832 1 665
960 1 825
686 1 816
105 1 157
960 1 827
620 1 147
610 1 207
663 1 665
402 1 517
832 1 654
770 1 48
855 1 816
686 1 827
686 1 825
105 1 123
558 1 207
686 1 843
105 1 127
620 1 134
9 1 48
610 1 697
783 1 517
663 1 697
447 1 889
855 1 825
855 1 827
558 1 697
105 1 134
718 1 379
620 1 123
783 1 983
402 1 983
783 1 501
620 1 127
447 1 882
402 1 501
663 1 207
770 1 68
503 1 441
9 1 68
558 1 627
877 1 127
877 1 123
457 1 748
349 1 748
503 1 436
503 1 457
503 1 454
402 1 560
388 1 436
503 1 451
832 1 207
105 1 192
832 1 697
508 1 627
280 1 346
508 1 622
503 1 449
443 1 23
388 1 449
289 1 517
608 1 346
388 1 441
447 1 457
9 1 88
783 1 558
402 1 558
447 1 454
447 1 451
877 1 147
9 1 80
447 1 449
280 1 379
558 1 654
960 1 843
85 1 627
105 1 178
508 1 23
289 1 501
620 1 560
388 1 457
289 1 983
848 1 934
388 1 451
388 1 454
85 1 622
447 1 441
844 1 748
877 1 134
770 1 23
558 1 665
385 1 48
482 1 23
503 1 882
663 1 827
634 1 23
85 1 558
688 1 178
85 1 560
508 1 654
819 1 23
608 1 157
663 1 816
154 1 983
154 1 501
634 1 627
663 1 825
245 1 843
349 1 934
503 1 889
508 1 665
385 1 68
608 1 147
457 1 654
848 1 748
447 1 379
523 1 192
877 1 983
688 1 157
590 1 192
634 1 622
877 1 501
526 1 934
385 1 451
385 1 457
385 1 454
608 1 134
457 1 665
610 1 983
610 1 501
688 1 147
385 1 449
663 1 843
385 1 80
819 1 346
385 1 441
508 1 207
385 1 88
558 1 622
469 1 816
154 1 934
188 1 983
482 1 68
877 1 517
188 1 501
783 1 934
280 1 517
385 1 436
832 1 622
590 1 178
508 1 697
819 1 68
469 1 827
469 1 825
844 1 379
85 1 123
280 1 983
188 1 517
85 1 127
610 1 517
245 1 882
280 1 501
503 1 843
482 1 80
245 1 889
385 1 23
457 1 697
482 1 48
590 1 157
844 1 346
526 1 983
634 1 665
457 1 207
608 1 192
469 1 843
688 1 192
245 1 436
608 1 178
819 1 48
832 1 627
385 1 889
634 1 654
526 1 501
663 1 889
385 1 882
663 1 882
482 1 654
85 1 157
620 1 827
620 1 825
245 1 451
526 1 517
245 1 454
523 1 134
590 1 134
245 1 457
590 1 147
922 1 207
770 1 983
770 1 501
289 1 68
188 1 558
620 1 816
245 1 441
922 1 697
523 1 123
245 1 449
523 1 127
688 1 560
770 1 517
154 1 558
9 1 748
443 1 843
188 1 560
85 1 134
848 1 346
688 1 558
289 1 48
503 1 816
469 1 882
590 1 127
482 1 627
469 1 889
154 1 560
482 1 622
85 1 147
718 1 816
634 1 207
634 1 697
385 1 843
819 1 80
503 1 827
590 1 123
503 1 825
819 1 88
819 1 748
855 1 697
314 1 457
443 1 825
105 1 622
314 1 454
770 1 934
526 1 560
314 1 451
482 1 697
558 1 192
526 1 558
688 1 134
523 1 178
17 1 934
314 1 449
319 1 748
855 1 207
443 1 816
482 1 207
660 1 748
688 1 123
922 1 654
385 1 827
688 1 127
385 1 825
469 1 436
105 1 627
443 1 827
188 1 123
314 1 436
590 1 558
154 1 517
85 1 178
188 1 127
877 1 934
280 1 934
922 1 665
385 1 816
523 1 157
469 1 441
188 1 134
289 1 80
314 1 441
469 1 449
482 1 665
289 1 88
848 1 379
85 1 192
699 1 748
610 1 934
469 1 457
590 1 560
523 1 147
469 1 454
469 1 451
388 1 748
783 1 451
105 1 665
783 1 454
443 1 346
783 1 457
610 1 157
523 1 48
620 1 436
832 1 147
314 1 889
558 1 157
523 1 517
289 1 889
686 1 558
783 1 441
289 1 882
17 1 560
783 1 449
832 1 134
844 1 843
960 1 558
17 1 558
289 1 436
718 1 882
610 1 178
686 1 560
523 1 23
590 1 517
718 1 889
844 1 816
558 1 178
105 1 654
620 1 882
314 1 882
688 1 934
770 1 127
922 1 622
620 1 889
922 1 627
770 1 123
844 1 827
844 1 825
832 1 157
523 1 983
523 1 501
9 1 346
610 1 192
289 1 457
686 1 501
523 1 80
686 1 983
289 1 454
718 1 827
289 1 451
718 1 825
699 1 346
523 1 88
503 1 68
447 1 748
319 1 346
660 1 346
289 1 449
590 1 501
590 1 983
289 1 23
688 1 517
289 1 441
402 1 843
832 1 178
523 1 560
558 1 123
558 1 127
349 1 457
718 1 843
349 1 454
608 1 622
770 1 558
503 1 80
349 1 451
608 1 627
523 1 68
402 1 825
960 1 560
402 1 827
558 1 134
314 1 827
855 1 748
349 1 449
503 1 88
686 1 517
314 1 825
523 1 558
17 1 517
17 1 501
314 1 843
105 1 697
349 1 441
17 1 983
770 1 560
620 1 843
688 1 983
688 1 501
402 1 816
105 1 207
832 1 192
558 1 147
349 1 436
590 1 934
388 1 346
17 1 178
608 1 207
844 1 441
877 1 436
526 1 68
770 1 178
610 1 558
503 1 23
402 1 889
280 1 436
844 1 436
877 1 441
503 1 379
558 1 558
610 1 560
844 1 457
844 1 454
783 1 843
402 1 882
699 1 379
844 1 451
844 1 449
314 1 816
558 1 560
660 1 379
85 1 934
634 1 80
526 1 88
608 1 665
17 1 157
832 1 558
280 1 454
634 1 88
280 1 451
503 1 48
280 1 457
770 1 192
526 1 80
349 1 889
289 1 827
832 1 560
289 1 825
388 1 379
349 1 882
608 1 654
17 1 147
280 1 441
877 1 449
877 1 454
280 1 449
877 1 457
877 1 451
960 1 934
319 1 379
289 1 816
85 1 517
526 1 23
17 1 134
402 1 451
634 1 68
402 1 454
848 1 843
844 1 882
402 1 457
770 1 134
402 1 449
819 1 379
457 1 627
960 1 983
245 1 934
960 1 501
9 1 379
17 1 127
718 1 436
17 1 123
289 1 843
783 1 882
558 1 517
610 1 123
770 1 147
447 1 346
402 1 441
783 1 889
610 1 127
663 1 346
844 1 889
508 1 748
960 1 517
503 1 346
848 1 827
718 1 441
848 1 825
620 1 451
770 1 157
610 1 134
620 1 457
783 1 436
620 1 454
402 1 436
634 1 48
526 1 48
718 1 449
663 1 379
832 1 123
832 1 127
718 1 451
385 1 379
349 1 843
523 1 934
686 1 934
718 1 457
608 1 697
620 1 441
457 1 622
718 1 454
848 1 816
443 1 379
188 1 934
610 1 147
85 1 983
620 1 449
85 1 501
457 1 558
188 1 825
832 1 934
188 1 827
85 1 436
482 1 134
402 1 379
610 1 825
819 1 451
610 1 827
819 1 454
819 1 457
85 1 441
848 1 23
154 1 627
877 1 825
482 1 127
877 1 827
610 1 843
482 1 123
457 1 560
85 1 449
154 1 622
634 1 748
832 1 23
819 1 441
688 1 80
85 1 451
469 1 48
819 1 449
688 1 88
385 1 346
848 1 627
848 1 622
314 1 192
188 1 843
526 1 816
877 1 843
402 1 346
469 1 23
526 1 827
526 1 825
558 1 501
245 1 748
558 1 983
688 1 68
469 1 934
314 1 178
855 1 178
848 1 207
482 1 178
832 1 983
832 1 501
663 1 517
877 1 882
848 1 68
457 1 123
457 1 127
610 1 882
610 1 889
832 1 68
663 1 983
280 1 627
686 1 192
819 1 882
526 1 843
469 1 88
663 1 501
922 1 379
280 1 622
105 1 88
819 1 889
469 1 80
105 1 80
508 1 346
188 1 882
17 1 80
314 1 157
85 1 454
832 1 517
17 1 192
17 1 88
85 1 457
848 1 665
855 1 192
482 1 157
188 1 889
783 1 827
280 1 654
848 1 48
819 1 436
558 1 934
848 1 654
783 1 825
877 1 889
482 1 147
783 1 816
469 1 68
832 1 48
503 1 748
9 1 843
457 1 157
443 1 501
314 1 134
855 1 134
289 1 379
443 1 983
686 1 147
688 1 207
154 1 697
17 1 68
526 1 882
688 1 697
699 1 816
469 1 501
469 1 983
960 1 147
922 1 48
508 1 379
770 1 627
855 1 147
443 1 517
663 1 80
686 1 157
314 1 147
770 1 622
663 1 88
188 1 436
526 1 889
105 1 48
960 1 157
385 1 748
819 1 843
457 1 134
855 1 157
469 1 517
482 1 517
188 1 441
17 1 48
699 1 843
188 1 449
922 1 23
634 1 346
960 1 123
922 1 346
960 1 127
314 1 127
188 1 454
154 1 207
457 1 147
314 1 123
188 1 451
482 1 501
686 1 178
188 1 457
718 1 934
848 1 697
663 1 68
482 1 983
699 1 825
960 1 134
832 1 88
105 1 68
699 1 827
688 1 665
245 1 346
832 1 80
349 1 68
590 1 454
590 1 457
526 1 441
922 1 80
457 1 192
349 1 192
154 1 654
17 1 23
663 1 48
922 1 88
526 1 436
590 1 451
245 1 379
319 1 622
819 1 816
319 1 627
660 1 622
526 1 451
960 1 192
660 1 627
526 1 454
154 1 665
526 1 449
482 1 560
688 1 48
105 1 748
457 1 178
590 1 436
314 1 558
349 1 178
9 1 825
686 1 127
469 1 558
9 1 827
686 1 123
349 1 88
877 1 816
482 1 558
699 1 882
469 1 560
349 1 80
526 1 457
663 1 934
922 1 68
443 1 934
855 1 127
590 1 449
855 1 123
9 1 816
686 1 134
314 1 560
663 1 23
634 1 379
960 1 178
610 1 816
105 1 23
590 1 441
819 1 827
819 1 825
688 1 23
523 1 889
388 1 627
718 1 501
9 1 449
855 1 654
349 1 157
718 1 983
686 1 665
349 1 23
17 1 697
388 1 622
770 1 697
280 1 157
154 1 178
9 1 451
319 1 665
960 1 665
9 1 454
660 1 665
9 1 436
349 1 147
855 1 665
686 1 68
280 1 147
526 1 379
718 1 517
85 1 80
855 1 48
699 1 889
85 1 88
523 1 882
9 1 441
17 1 207
660 1 654
686 1 207
443 1 449
349 1 134
349 1 48
280 1 178
699 1 441
443 1 441
154 1 157
844 1 934
469 1 127
469 1 123
783 1 48
9 1 457
590 1 889
349 1 127
783 1 68
17 1 665
388 1 654
349 1 123
686 1 48
443 1 457
686 1 697
783 1 346
608 1 934
922 1 748
443 1 454
443 1 451
699 1 436
855 1 68
590 1 882
319 1 654
469 1 134
960 1 654
314 1 517
523 1 449
17 1 654
280 1 192
9 1 889
105 1 346
686 1 622
783 1 379
770 1 654
154 1 134
620 1 748
447 1 627
523 1 451
688 1 654
523 1 454
469 1 147
523 1 457
855 1 88
314 1 501
855 1 622
443 1 436
699 1 451
686 1 23
314 1 983
699 1 454
447 1 622
770 1 665
608 1 517
154 1 147
699 1 457
85 1 48
699 1 80
699 1 449
523 1 441
855 1 80
699 1 88
9 1 882
469 1 157
686 1 627
608 1 983
660 1 697
443 1 889
608 1 501
443 1 882
688 1 627
960 1 207
855 1 627
523 1 436
319 1 207
783 1 23
17 1 622
590 1 843
686 1 654
770 1 207
289 1 346
349 1 560
154 1 123
660 1 207
154 1 127
85 1 68
688 1 622
699 1 68
319 1 697
960 1 697
469 1 178
349 1 558
17 1 627
590 1 816
610 1 436
844 1 560
663 1 436
280 1 558
508 1 816
844 1 558
558 1 436
608 1 558
610 1 441
832 1 889
447 1 665
590 1 827
85 1 843
590 1 825
610 1 449
469 1 192
508 1 825
508 1 827
558 1 441
314 1 934
699 1 48
388 1 68
608 1 560
558 1 449
718 1 127
85 1 816
848 1 80
718 1 123
610 1 451
482 1 88
610 1 454
620 1 379
447 1 654
610 1 457
832 1 441
402 1 748
877 1 346
663 1 457
482 1 192
558 1 451
558 1 457
848 1 88
663 1 451
663 1 454
558 1 454
85 1 825
85 1 827
105 1 379
718 1 134
280 1 560
783 1 748
663 1 449
388 1 80
832 1 436
508 1 843
457 1 934
699 1 23
349 1 517
663 1 441
388 1 88
608 1 123
388 1 665
608 1 127
844 1 517
634 1 843
960 1 627
960 1 622
718 1 558
349 1 501
349 1 983
783 1 88
503 1 697
620 1 346
832 1 449
85 1 882
634 1 827
783 1 80
85 1 889
634 1 825
832 1 451
832 1 454
832 1 457
558 1 882
718 1 560
457 1 517
388 1 23
503 1 207
523 1 843
388 1 207
388 1 48
558 1 889
523 1 825
245 1 827
523 1 827
844 1 501
634 1 816
280 1 134
844 1 983
447 1 697
154 1 192
447 1 207
289 1 748
457 1 983
245 1 816
523 1 816
388 1 697
457 1 501
280 1 123
188 1 816
855 1 23
877 1 379
280 1 127
508 1 889
245 1 825
508 1 882
457 1 68
558 1 827
457 1 436
558 1 825
447 1 157
832 1 816
660 1 68
634 1 882
718 1 192
457 1 441
503 1 654
154 1 748
660 1 80
848 1 517
447 1 147
844 1 178
660 1 88
610 1 68
819 1 560
388 1 192
503 1 665
457 1 88
508 1 441
558 1 843
457 1 80
844 1 147
848 1 501
447 1 134
848 1 983
660 1 48
832 1 843
457 1 889
508 1 436
280 1 23
385 1 697
844 1 23
508 1 451
608 1 379
447 1 127
844 1 157
832 1 825
832 1 827
610 1 48
447 1 123
385 1 207
245 1 622
508 1 449
245 1 627
718 1 147
388 1 147
447 1 192
844 1 127
188 1 748
844 1 123
610 1 748
660 1 23
280 1 48
634 1 441
508 1 457
245 1 654
508 1 454
620 1 192
608 1 23
718 1 157
877 1 748
388 1 157
848 1 558
844 1 134
280 1 748
848 1 560
663 1 622
634 1 436
663 1 627
877 1 48
385 1 665
503 1 622
457 1 454
457 1 457
620 1 178
447 1 178
457 1 451
663 1 654
832 1 882
457 1 449
819 1 558
385 1 654
280 1 68
610 1 80
558 1 816
718 1 178
608 1 48
280 1 80
610 1 88
388 1 178
85 1 346
634 1 889
877 1 23
526 1 748
503 1 627
245 1 665
443 1 627
443 1 622
590 1 379
922 1 436
848 1 127
848 1 134
922 1 441
699 1 934
469 1 622
245 1 697
523 1 379
105 1 816
280 1 88
770 1 748
608 1 68
877 1 80
482 1 889
469 1 627
922 1 449
960 1 68
844 1 88
482 1 882
154 1 346
848 1 123
922 1 451
319 1 48
844 1 80
922 1 454
385 1 627
105 1 825
877 1 88
385 1 622
105 1 827
245 1 207
9 1 501
85 1 379
922 1 457
660 1 934
960 1 48
819 1 517
608 1 88
447 1 23
634 1 449
634 1 457
85 1 23
634 1 451
877 1 68
819 1 501
819 1 983
634 1 454
608 1 80
469 1 654
523 1 346
319 1 68
319 1 934
9 1 983
457 1 23
855 1 454
855 1 457
188 1 346
855 1 451
314 1 697
482 1 457
699 1 983
660 1 517
482 1 454
699 1 501
848 1 178
922 1 882
482 1 451
688 1 379
819 1 934
319 1 501
469 1 665
319 1 983
314 1 207
855 1 449
844 1 48
660 1 501
660 1 983
482 1 449
590 1 346
319 1 80
610 1 23
447 1 48
482 1 441
848 1 157
922 1 889
319 1 517
319 1 88
457 1 48
105 1 843
482 1 436
526 1 346
848 1 147
699 1 517
686 1 88
960 1 80
844 1 68
188 1 379
9 1 934
844 1 192
469 1 207
686 1 80
960 1 88
447 1 68
688 1 346
469 1 697
314 1 654
718 1 622
388 1 983
482 1 934
620 1 23
289 1 654
388 1 501
783 1 697
608 1 843
718 1 627
660 1 558
245 1 88
245 1 80
663 1 157
314 1 665
319 1 560
388 1 517
9 1 558
447 1 80
105 1 436
620 1 665
770 1 346
783 1 207
922 1 843
447 1 88
663 1 147
832 1 379
447 1 934
9 1 560
319 1 558
105 1 882
523 1 748
699 1 560
620 1 48
620 1 654
608 1 825
608 1 827
443 1 560
848 1 192
314 1 627
663 1 178
718 1 654
855 1 560
289 1 665
608 1 816
699 1 558
105 1 889
855 1 558
608 1 882
620 1 68
663 1 192
289 1 697
608 1 889
620 1 627
960 1 346
855 1 983
314 1 622
855 1 501
289 1 207
443 1 558
9 1 517
503 1 178
319 1 123
620 1 622
447 1 501
447 1 983
590 1 748
686 1 748
105 1 441
349 1 697
620 1 88
688 1 748
620 1 80
922 1 816
699 1 123
699 1 127
349 1 207
558 1 379
105 1 454
105 1 457
660 1 560
922 1 825
922 1 827
503 1 192
105 1 451
105 1 449
855 1 517
17 1 748
385 1 192
608 1 441
503 1 127
660 1 157
319 1 157
503 1 123
608 1 449
699 1 147
402 1 654
819 1 178
663 1 558
508 1 934
457 1 825
319 1 147
457 1 827
9 1 178
608 1 451
349 1 665
660 1 147
503 1 134
457 1 843
608 1 436
844 1 697
699 1 134
443 1 192
844 1 207
280 1 665
855 1 934
349 1 654
503 1 147
660 1 134
319 1 134
388 1 127
844 1 665
280 1 697
388 1 123
402 1 627
9 1 192
245 1 23
385 1 178
319 1 127
660 1 127
503 1 157
660 1 123
443 1 178
699 1 157
783 1 622
610 1 346
819 1 192
388 1 134
783 1 627
402 1 622
877 1 207
877 1 697
280 1 207
447 1 517
663 1 560
457 1 816
558 1 346
9 1 127
17 1 379
718 1 665
503 1 560
443 1 147
558 1 748
783 1 654
402 1 697
770 1 379
319 1 192
819 1 134
402 1 207
832 1 346
960 1 748
349 1 627
9 1 134
660 1 192
385 1 157
503 1 558
349 1 622
388 1 558
457 1 882
844 1 654
245 1 48
443 1 157
699 1 178
819 1 123
819 1 127
508 1 501
9 1 123
385 1 147
508 1 983
443 1 127
660 1 178
319 1 178
443 1 123
844 1 622
610 1 379
620 1 697
388 1 560
634 1 934
718 1 207
508 1 517
819 1 157
245 1 68
385 1 134
9 1 157
663 1 134
85 1 748
289 1 627
447 1 560
17 1 346
608 1 454
699 1 192
718 1 697
608 1 457
289 1 622
783 1 665
443 1 134
620 1 207
402 1 665
844 1 627
663 1 127
819 1 147
447 1 558
385 1 123
385 1 127
9 1 147
663 1 123
--------------------------------------
955 5 17
761 5 842
260 5 722
625 5 588
849 5 994
279 5 398
625 5 107
851 5 74
233 5 842
198 5 324
625 5 592
640 5 17
271 5 429
362 5 770
271 5 667
281 5 946
597 5 882
955 5 21
374 5 17
477 5 588
374 5 21
271 5 654
660 5 448
233 5 833
756 5 324
635 5 882
198 5 553
971 5 388
640 5 21
777 5 553
971 5 107
260 5 989
740 5 654
849 5 770
477 5 553
849 5 17
198 5 107
198 5 588
971 5 592
271 5 882
756 5 553
474 5 882
362 5 553
777 5 324
761 5 833
260 5 994
849 5 542
635 5 654
740 5 882
477 5 324
971 5 120
625 5 120
756 5 542
660 5 463
362 5 542
279 5 592
918 5 802
625 5 542
740 5 429
660 5 654
271 5 463
279 5 107
674 5 74
918 5 804
198 5 120
597 5 429
777 5 120
281 5 989
474 5 802
777 5 588
474 5 804
777 5 107
849 5 722
849 5 21
279 5 120
740 5 667
477 5 388
635 5 833
281 5 994
362 5 722
660 5 882
761 5 802
777 5 592
761 5 804
77 5 946
198 5 592
886 5 722
260 5 946
477 5 592
597 5 654
635 5 842
625 5 324
756 5 120
660 5 429
640 5 74
281 5 722
740 5 448
477 5 107
198 5 388
362 5 994
955 5 74
971 5 398
474 5 842
271 5 448
777 5 388
849 5 989
597 5 667
811 5 398
625 5 553
279 5 388
477 5 120
756 5 592
233 5 802
233 5 804
362 5 989
756 5 107
660 5 667
756 5 588
811 5 388
886 5 946
474 5 833
625 5 989
835 5 74
77 5 994
279 5 553
971 5 17
982 5 463
233 5 448
281 5 542
271 5 265
835 5 946
877 5 463
877 5 448
77 5 989
886 5 770
971 5 21
777 5 946
279 5 324
224 5 120
233 5 429
640 5 722
281 5 553
198 5 398
162 5 448
918 5 388
420 5 946
635 5 804
477 5 398
224 5 398
635 5 802
640 5 946
433 5 265
740 5 802
233 5 463
835 5 722
740 5 804
674 5 722
625 5 770
597 5 448
777 5 74
77 5 722
849 5 946
597 5 463
877 5 667
564 5 946
886 5 994
777 5 722
279 5 588
756 5 398
260 5 17
674 5 946
374 5 265
625 5 994
877 5 429
224 5 388
918 5 398
260 5 21
362 5 946
281 5 770
162 5 463
756 5 388
886 5 989
777 5 994
420 5 21
625 5 946
77 5 553
279 5 994
955 5 804
982 5 265
955 5 802
260 5 74
281 5 588
279 5 989
233 5 882
777 5 17
835 5 989
877 5 265
564 5 722
281 5 107
77 5 542
777 5 989
420 5 17
281 5 592
224 5 324
835 5 994
777 5 21
886 5 324
886 5 542
224 5 592
971 5 74
77 5 770
835 5 770
625 5 722
279 5 770
224 5 107
233 5 667
281 5 324
674 5 17
572 5 946
777 5 542
597 5 265
564 5 989
886 5 553
572 5 722
279 5 542
674 5 989
224 5 588
740 5 842
233 5 654
740 5 833
674 5 994
162 5 265
851 5 946
660 5 265
674 5 21
777 5 770
955 5 833
564 5 994
918 5 448
224 5 770
433 5 882
77 5 592
279 5 946
674 5 542
625 5 21
835 5 667
281 5 388
420 5 770
835 5 429
374 5 429
811 5 21
955 5 722
77 5 107
374 5 448
279 5 74
77 5 588
877 5 842
640 5 324
674 5 770
281 5 398
233 5 398
564 5 770
162 5 722
811 5 722
877 5 833
625 5 802
761 5 265
625 5 804
886 5 463
918 5 667
851 5 882
374 5 654
281 5 120
162 5 21
224 5 553
982 5 882
955 5 989
982 5 17
162 5 17
162 5 994
835 5 448
674 5 324
640 5 553
279 5 722
918 5 429
564 5 542
811 5 994
420 5 553
740 5 74
374 5 667
77 5 324
433 5 654
224 5 542
572 5 882
674 5 553
811 5 17
640 5 542
982 5 654
564 5 553
955 5 994
162 5 989
420 5 542
625 5 17
877 5 21
811 5 989
572 5 654
955 5 770
877 5 654
279 5 21
849 5 398
77 5 398
224 5 722
835 5 463
982 5 667
674 5 588
162 5 770
474 5 388
233 5 120
640 5 770
564 5 324
851 5 654
77 5 388
572 5 667
982 5 429
433 5 429
433 5 667
233 5 592
835 5 21
420 5 722
420 5 989
761 5 463
886 5 265
971 5 946
224 5 994
640 5 989
918 5 463
260 5 265
433 5 463
162 5 553
224 5 989
233 5 388
640 5 994
572 5 429
420 5 994
877 5 882
955 5 542
835 5 17
674 5 120
877 5 74
564 5 588
564 5 107
572 5 448
77 5 120
674 5 107
374 5 463
982 5 448
162 5 542
811 5 946
433 5 448
564 5 592
474 5 398
851 5 429
971 5 722
955 5 553
851 5 667
674 5 592
740 5 21
374 5 833
918 5 842
260 5 448
761 5 448
851 5 463
849 5 592
198 5 722
674 5 388
835 5 265
477 5 722
564 5 120
740 5 17
982 5 74
271 5 946
955 5 324
635 5 74
474 5 588
971 5 770
474 5 107
756 5 21
374 5 842
740 5 463
849 5 120
198 5 946
572 5 463
660 5 722
756 5 722
420 5 120
971 5 542
811 5 324
851 5 448
362 5 120
811 5 120
971 5 989
955 5 592
761 5 667
597 5 17
233 5 74
260 5 463
198 5 989
640 5 398
474 5 120
224 5 946
660 5 994
477 5 946
971 5 994
420 5 398
362 5 398
564 5 388
955 5 588
955 5 107
374 5 804
597 5 21
811 5 592
918 5 833
955 5 120
849 5 388
982 5 802
982 5 804
660 5 989
433 5 804
674 5 398
474 5 592
635 5 265
640 5 388
433 5 802
362 5 388
564 5 398
811 5 588
420 5 388
761 5 429
811 5 107
198 5 74
756 5 946
761 5 882
635 5 429
233 5 17
851 5 265
849 5 553
625 5 388
477 5 770
433 5 842
260 5 882
635 5 667
918 5 882
374 5 74
433 5 833
474 5 542
271 5 989
918 5 654
877 5 802
597 5 842
811 5 770
761 5 654
740 5 265
849 5 324
756 5 770
260 5 654
374 5 882
625 5 74
877 5 804
572 5 265
477 5 542
851 5 21
474 5 770
198 5 994
362 5 324
640 5 120
597 5 833
982 5 21
635 5 21
811 5 74
756 5 74
420 5 324
971 5 588
260 5 429
260 5 667
198 5 17
982 5 833
477 5 994
660 5 946
635 5 448
477 5 989
420 5 592
982 5 842
198 5 542
756 5 994
971 5 553
851 5 17
597 5 802
811 5 553
640 5 592
474 5 324
955 5 388
271 5 722
362 5 592
198 5 21
597 5 804
233 5 21
849 5 107
625 5 398
849 5 588
640 5 588
756 5 989
362 5 107
640 5 107
635 5 463
362 5 588
162 5 946
811 5 542
474 5 553
955 5 398
198 5 770
420 5 588
971 5 324
420 5 107
597 5 74
572 5 17
597 5 994
761 5 722
756 5 463
260 5 842
740 5 994
635 5 989
271 5 542
477 5 448
233 5 722
198 5 448
740 5 989
362 5 654
597 5 989
572 5 21
777 5 667
777 5 429
849 5 882
477 5 463
635 5 994
198 5 429
233 5 946
756 5 448
564 5 74
271 5 770
660 5 324
625 5 463
918 5 74
362 5 882
886 5 804
971 5 265
886 5 802
281 5 833
740 5 770
849 5 654
635 5 17
477 5 667
477 5 429
635 5 770
198 5 463
281 5 804
660 5 592
281 5 802
777 5 463
849 5 429
474 5 989
362 5 74
777 5 448
849 5 667
877 5 388
271 5 994
362 5 429
660 5 107
756 5 667
660 5 588
362 5 667
761 5 946
474 5 994
877 5 398
756 5 429
260 5 804
625 5 429
433 5 17
77 5 833
597 5 553
635 5 946
260 5 802
811 5 265
849 5 833
756 5 265
740 5 553
625 5 667
564 5 21
271 5 588
918 5 21
660 5 770
886 5 833
271 5 107
374 5 802
597 5 324
849 5 842
477 5 265
740 5 542
625 5 654
362 5 842
572 5 74
886 5 842
362 5 21
597 5 770
635 5 722
625 5 448
281 5 842
271 5 324
660 5 553
835 5 804
198 5 265
362 5 17
835 5 802
777 5 265
474 5 722
224 5 74
474 5 946
597 5 542
77 5 802
260 5 833
279 5 265
740 5 324
271 5 553
756 5 17
660 5 542
564 5 17
77 5 804
420 5 802
420 5 804
886 5 882
777 5 833
374 5 398
433 5 120
362 5 804
597 5 592
271 5 388
233 5 324
281 5 667
279 5 429
224 5 17
982 5 588
279 5 667
597 5 107
281 5 429
849 5 802
564 5 802
433 5 592
849 5 804
877 5 324
564 5 804
982 5 107
674 5 802
674 5 804
597 5 120
362 5 802
640 5 842
162 5 324
835 5 833
433 5 107
233 5 553
982 5 592
224 5 21
877 5 553
674 5 833
625 5 882
433 5 388
918 5 265
233 5 588
362 5 833
640 5 833
233 5 107
271 5 120
281 5 882
162 5 592
835 5 842
279 5 448
674 5 842
982 5 120
420 5 833
777 5 842
597 5 588
877 5 542
374 5 388
77 5 842
572 5 802
271 5 592
224 5 265
433 5 21
279 5 463
279 5 17
162 5 588
281 5 654
162 5 107
597 5 398
564 5 833
640 5 802
640 5 804
982 5 388
224 5 448
740 5 946
281 5 463
877 5 17
572 5 804
564 5 842
777 5 882
77 5 667
279 5 882
233 5 989
433 5 398
982 5 398
162 5 120
233 5 994
851 5 804
660 5 120
77 5 429
886 5 448
851 5 802
777 5 654
851 5 842
572 5 833
77 5 654
279 5 654
433 5 74
625 5 842
162 5 398
835 5 882
674 5 882
955 5 946
233 5 542
660 5 398
877 5 120
851 5 833
281 5 448
886 5 654
877 5 107
597 5 388
572 5 842
877 5 588
77 5 882
224 5 463
162 5 74
740 5 722
625 5 833
162 5 388
835 5 654
271 5 398
660 5 388
886 5 429
233 5 770
886 5 667
877 5 592
971 5 804
918 5 324
374 5 553
886 5 120
971 5 802
224 5 654
835 5 542
674 5 667
281 5 265
564 5 882
77 5 17
420 5 654
955 5 842
877 5 722
374 5 324
572 5 989
433 5 994
982 5 989
279 5 842
77 5 463
224 5 882
835 5 553
640 5 448
674 5 654
433 5 989
982 5 994
279 5 833
420 5 882
811 5 842
851 5 722
162 5 842
564 5 654
918 5 542
572 5 994
420 5 429
761 5 388
811 5 882
433 5 542
374 5 770
640 5 429
224 5 667
224 5 429
835 5 324
564 5 667
851 5 994
918 5 553
564 5 429
761 5 398
77 5 448
374 5 542
77 5 21
886 5 592
674 5 429
433 5 770
877 5 946
640 5 667
982 5 770
886 5 107
851 5 989
477 5 21
420 5 667
886 5 588
851 5 542
635 5 388
433 5 324
660 5 74
918 5 120
260 5 120
572 5 770
835 5 592
374 5 592
761 5 120
640 5 654
982 5 542
477 5 802
674 5 463
198 5 802
162 5 654
835 5 107
477 5 17
635 5 398
477 5 804
835 5 588
474 5 265
955 5 882
474 5 74
572 5 542
564 5 448
851 5 770
374 5 120
674 5 448
433 5 553
77 5 265
835 5 120
224 5 842
982 5 553
224 5 833
756 5 802
162 5 882
811 5 804
640 5 882
877 5 770
955 5 654
420 5 842
756 5 804
811 5 802
572 5 553
886 5 388
918 5 588
851 5 324
77 5 74
877 5 994
918 5 107
761 5 588
761 5 107
260 5 388
433 5 588
886 5 74
279 5 804
955 5 429
233 5 265
279 5 802
982 5 324
564 5 463
811 5 833
955 5 667
851 5 553
374 5 107
877 5 989
886 5 398
572 5 324
971 5 833
777 5 802
374 5 588
777 5 804
918 5 592
761 5 592
260 5 398
420 5 74
198 5 804
162 5 429
971 5 842
162 5 667
851 5 588
918 5 722
886 5 17
761 5 324
811 5 463
740 5 592
635 5 588
260 5 324
849 5 74
635 5 107
674 5 265
835 5 388
740 5 107
635 5 592
224 5 802
224 5 804
198 5 842
474 5 463
971 5 654
374 5 946
955 5 448
374 5 722
572 5 588
955 5 463
572 5 107
886 5 21
740 5 588
281 5 74
835 5 398
198 5 833
660 5 842
756 5 842
635 5 120
971 5 667
811 5 448
777 5 398
761 5 542
260 5 107
851 5 120
260 5 588
572 5 592
756 5 833
761 5 21
271 5 74
918 5 946
271 5 804
564 5 265
271 5 802
761 5 553
740 5 120
851 5 592
474 5 17
477 5 842
572 5 120
849 5 265
660 5 21
918 5 17
260 5 592
474 5 21
477 5 833
640 5 265
660 5 17
761 5 17
420 5 265
362 5 265
851 5 107
971 5 882
851 5 388
971 5 448
374 5 994
635 5 542
740 5 398
477 5 654
660 5 804
281 5 21
756 5 654
281 5 17
198 5 882
597 5 946
811 5 654
474 5 667
572 5 388
597 5 722
955 5 265
849 5 448
982 5 946
740 5 388
635 5 553
260 5 770
918 5 770
761 5 770
660 5 802
433 5 946
362 5 448
625 5 265
162 5 802
971 5 463
474 5 654
162 5 804
761 5 74
420 5 448
971 5 429
918 5 989
756 5 882
635 5 324
260 5 542
572 5 398
198 5 667
660 5 833
271 5 842
982 5 722
477 5 74
474 5 448
162 5 833
918 5 994
474 5 429
761 5 994
374 5 989
851 5 398
477 5 882
260 5 553
849 5 463
271 5 17
811 5 429
640 5 463
198 5 654
271 5 21
433 5 722
420 5 463
362 5 463
761 5 989
811 5 667
271 5 833
--------------------------------------
401 2 763
896 2 671
813 2 274
310 2 890
401 2 523
813 2 396
813 2 276
310 2 895
896 2 313
896 2 677
310 2 534
822 2 103
272 2 3
272 2 788
272 2 547
310 2 3
596 2 450
401 2 895
77 2 396
77 2 276
77 2 274
813 2 168
401 2 534
813 2 3
310 2 788
896 2 444
401 2 890
310 2 547
822 2 592
272 2 890
596 2 103
272 2 895
596 2 226
272 2 534
822 2 226
401 2 407
272 2 28
896 2 450
401 2 547
401 2 788
813 2 132
310 2 875
822 2 444
596 2 313
272 2 444
596 2 677
822 2 677
896 2 28
596 2 671
77 2 132
822 2 3
401 2 677
401 2 313
310 2 763
896 2 226
310 2 523
401 2 671
822 2 450
896 2 103
310 2 407
272 2 671
596 2 444
272 2 313
272 2 677
77 2 3
401 2 169
401 2 168
310 2 450
896 2 592
401 2 843
896 2 479
272 2 103
272 2 226
596 2 132
401 2 28
596 2 28
310 2 103
77 2 875
310 2 226
401 2 176
822 2 274
272 2 450
822 2 276
822 2 396
813 2 875
401 2 725
896 2 132
77 2 169
310 2 671
813 2 176
77 2 168
310 2 313
310 2 677
77 2 843
77 2 725
813 2 28
896 2 3
596 2 479
822 2 479
813 2 843
813 2 169
596 2 592
813 2 725
77 2 176
401 2 875
310 2 444
272 2 592
822 2 132
272 2 479
822 2 28
896 2 274
896 2 396
310 2 132
813 2 671
77 2 547
77 2 788
896 2 276
813 2 788
596 2 176
813 2 547
77 2 28
77 2 671
77 2 313
896 2 843
77 2 677
896 2 168
401 2 132
896 2 169
272 2 132
401 2 3
813 2 677
813 2 313
896 2 176
596 2 3
813 2 890
310 2 592
77 2 763
822 2 168
77 2 523
310 2 479
822 2 169
77 2 407
272 2 168
272 2 169
272 2 843
896 2 725
813 2 523
272 2 725
596 2 274
813 2 763
596 2 276
596 2 396
813 2 407
401 2 276
77 2 890
77 2 895
77 2 534
401 2 396
401 2 274
272 2 274
272 2 396
822 2 176
272 2 276
596 2 169
822 2 725
596 2 843
310 2 28
822 2 843
596 2 725
813 2 534
813 2 895
596 2 168
401 2 444
813 2 592
77 2 103
310 2 176
77 2 226
896 2 875
596 2 895
596 2 534
822 2 534
813 2 226
596 2 890
813 2 103
77 2 592
822 2 313
77 2 479
896 2 523
896 2 763
401 2 450
272 2 176
822 2 671
596 2 788
822 2 788
596 2 547
822 2 547
813 2 479
896 2 890
401 2 103
813 2 450
310 2 274
310 2 276
77 2 444
310 2 396
401 2 226
896 2 534
822 2 763
896 2 895
272 2 763
596 2 875
896 2 407
272 2 523
822 2 875
272 2 407
813 2 444
77 2 450
401 2 479
310 2 168
896 2 788
896 2 547
310 2 169
310 2 843
822 2 895
822 2 890
401 2 592
310 2 725
822 2 407
596 2 763
596 2 523
272 2 875
822 2 523
596 2 407
--------------------------------------
83 2 739
83 2 618
685 2 818
202 2 138
457 2 517
767 2 586
202 2 67
83 2 851
314 2 739
314 2 618
767 2 583
314 2 586
685 2 541
784 2 870
314 2 583
767 2 739
767 2 618
784 2 233
784 2 112
314 2 347
784 2 590
83 2 583
685 2 26
457 2 920
457 2 642
457 2 761
685 2 302
457 2 487
202 2 761
202 2 487
202 2 642
767 2 590
202 2 920
784 2 739
784 2 618
83 2 347
767 2 233
767 2 112
83 2 586
784 2 26
767 2 870
784 2 583
457 2 590
314 2 693
83 2 590
83 2 870
83 2 233
83 2 112
767 2 347
314 2 851
202 2 517
314 2 67
784 2 586
457 2 233
457 2 112
314 2 691
784 2 347
457 2 870
202 2 233
202 2 112
83 2 517
457 2 739
457 2 618
685 2 517
767 2 487
767 2 761
83 2 67
202 2 590
767 2 642
314 2 716
202 2 870
767 2 517
685 2 761
83 2 761
457 2 347
685 2 920
457 2 586
314 2 285
457 2 583
685 2 487
784 2 138
685 2 642
202 2 586
784 2 517
202 2 347
457 2 67
83 2 487
83 2 642
83 2 920
202 2 583
457 2 691
784 2 761
767 2 920
784 2 920
457 2 851
202 2 739
202 2 618
784 2 487
784 2 642
685 2 138
457 2 693
767 2 26
457 2 716
202 2 851
685 2 739
685 2 618
83 2 818
83 2 138
767 2 541
767 2 302
202 2 26
202 2 691
314 2 818
202 2 693
314 2 541
457 2 285
685 2 583
83 2 541
767 2 138
314 2 302
685 2 67
767 2 818
685 2 347
685 2 586
784 2 818
83 2 302
202 2 285
784 2 67
685 2 870
685 2 233
685 2 112
784 2 541
314 2 138
685 2 590
202 2 716
784 2 302
314 2 26
457 2 818
83 2 716
685 2 716
83 2 26
314 2 517
767 2 285
314 2 761
784 2 693
314 2 487
685 2 285
767 2 716
314 2 920
83 2 285
314 2 642
784 2 691
457 2 302
457 2 541
784 2 851
457 2 26
202 2 541
202 2 302
784 2 716
767 2 851
767 2 691
767 2 693
784 2 285
314 2 233
314 2 112
83 2 691
767 2 67
314 2 870
685 2 693
685 2 691
83 2 693
457 2 138
202 2 818
314 2 590
685 2 851
--------------------------------------
661 1 407
214 1 233
100 1 525
428 1 481
100 1 407
239 1 137
661 1 525
644 1 918
100 1 760
840 1 233
661 1 760
511 1 985
428 1 918
862 1 788
331 1 946
573 1 137
276 1 788
266 1 946
308 1 852
644 1 481
441 1 48
0 1 985
511 1 170
639 1 407
441 1 852
226 1 946
840 1 588
522 1 788
100 1 890
308 1 48
511 1 852
214 1 481
661 1 890
639 1 525
226 1 273
644 1 137
484 1 218
308 1 985
573 1 48
639 1 890
276 1 890
266 1 273
331 1 137
573 1 946
441 1 170
214 1 918
100 1 985
226 1 918
239 1 233
331 1 481
214 1 137
555 1 890
661 1 985
511 1 760
840 1 137
266 1 918
308 1 760
441 1 985
226 1 48
511 1 525
644 1 218
331 1 918
605 1 588
522 1 890
605 1 233
0 1 525
226 1 481
484 1 788
644 1 588
555 1 407
862 1 525
573 1 233
0 1 407
639 1 760
0 1 760
266 1 481
862 1 760
522 1 407
428 1 137
428 1 273
522 1 525
573 1 918
639 1 985
573 1 481
605 1 218
484 1 48
862 1 407
522 1 760
555 1 788
840 1 481
239 1 481
308 1 890
239 1 918
308 1 525
266 1 137
276 1 48
308 1 407
644 1 233
0 1 890
840 1 918
331 1 233
862 1 890
226 1 137
428 1 946
862 1 48
522 1 233
441 1 760
484 1 481
484 1 918
605 1 407
639 1 852
441 1 525
605 1 525
441 1 407
840 1 273
266 1 588
276 1 985
0 1 946
605 1 890
308 1 137
862 1 985
226 1 985
331 1 588
840 1 946
573 1 218
214 1 48
441 1 890
522 1 588
100 1 48
661 1 218
555 1 760
239 1 588
276 1 170
0 1 273
511 1 137
100 1 852
555 1 525
308 1 273
644 1 852
573 1 588
605 1 760
308 1 946
100 1 170
331 1 218
239 1 218
644 1 170
276 1 852
639 1 170
484 1 137
266 1 233
555 1 170
100 1 946
661 1 788
522 1 218
840 1 852
214 1 218
441 1 788
555 1 852
605 1 788
276 1 525
840 1 170
276 1 407
276 1 760
239 1 788
484 1 588
428 1 218
308 1 170
214 1 588
862 1 170
639 1 946
428 1 233
511 1 273
100 1 273
0 1 170
555 1 985
644 1 946
639 1 273
331 1 48
511 1 946
226 1 170
266 1 218
862 1 852
644 1 273
226 1 852
484 1 233
428 1 588
0 1 852
0 1 48
239 1 890
555 1 273
428 1 760
639 1 137
511 1 588
522 1 273
266 1 788
555 1 946
308 1 218
644 1 525
661 1 481
644 1 760
331 1 788
100 1 481
276 1 946
573 1 890
239 1 525
605 1 170
226 1 788
100 1 918
522 1 946
239 1 407
0 1 588
522 1 48
661 1 918
428 1 890
484 1 170
840 1 985
214 1 525
308 1 233
661 1 137
441 1 218
862 1 946
639 1 48
239 1 48
511 1 218
100 1 137
644 1 407
214 1 760
0 1 233
308 1 588
428 1 525
644 1 890
276 1 137
331 1 890
428 1 407
484 1 852
573 1 788
862 1 273
522 1 137
511 1 481
0 1 481
441 1 588
639 1 918
0 1 918
840 1 890
862 1 918
661 1 588
266 1 48
555 1 137
308 1 481
214 1 890
605 1 985
100 1 588
644 1 985
266 1 525
331 1 407
639 1 481
266 1 407
511 1 918
484 1 946
331 1 525
308 1 918
214 1 407
226 1 525
226 1 760
840 1 407
266 1 760
862 1 481
331 1 760
840 1 525
239 1 760
214 1 788
441 1 233
484 1 273
226 1 407
522 1 481
661 1 233
639 1 588
511 1 233
840 1 760
100 1 233
605 1 852
0 1 137
226 1 890
639 1 233
573 1 760
862 1 137
840 1 48
266 1 890
428 1 788
276 1 273
573 1 407
522 1 918
573 1 525
226 1 218
239 1 852
555 1 233
239 1 170
573 1 170
214 1 273
639 1 218
511 1 788
0 1 788
484 1 525
573 1 852
266 1 985
441 1 918
331 1 985
484 1 407
862 1 588
226 1 588
214 1 946
484 1 760
276 1 588
441 1 481
331 1 170
840 1 788
100 1 218
555 1 481
605 1 918
644 1 48
428 1 48
661 1 48
522 1 985
239 1 985
441 1 137
511 1 890
661 1 852
428 1 170
276 1 218
661 1 170
511 1 407
555 1 918
605 1 481
308 1 788
484 1 890
331 1 852
862 1 233
226 1 233
573 1 985
100 1 788
661 1 946
522 1 852
840 1 218
214 1 852
276 1 481
214 1 170
605 1 946
276 1 918
522 1 170
441 1 946
239 1 273
555 1 218
644 1 788
605 1 273
573 1 273
511 1 48
428 1 852
239 1 946
484 1 985
441 1 273
214 1 985
266 1 170
555 1 588
555 1 48
661 1 273
605 1 48
605 1 137
639 1 788
266 1 852
862 1 218
428 1 985
331 1 273
0 1 218
276 1 233
--------------------------------------
661 1 407
214 1 233
100 1 525
428 1 481
100 1 407
239 1 137
661 1 525
644 1 918
100 1 760
840 1 233
661 1 760
511 1 985
428 1 918
862 1 788
331 1 946
573 1 137
276 1 788
266 1 946
308 1 852
644 1 481
441 1 48
0 1 985
511 1 170
639 1 407
441 1 852
226 1 946
840 1 588
522 1 788
100 1 890
308 1 48
511 1 852
214 1 481
661 1 890
639 1 525
226 1 273
644 1 137
484 1 218
308 1 985
573 1 48
639 1 890
276 1 890
266 1 273
331 1 137
573 1 946
441 1 170
214 1 918
100 1 985
226 1 918
239 1 233
331 1 481
214 1 137
555 1 890
661 1 985
511 1 760
840 1 137
266 1 918
308 1 760
441 1 985
226 1 48
511 1 525
644 1 218
331 1 918
605 1 588
522 1 890
605 1 233
0 1 525
226 1 481
484 1 788
644 1 588
555 1 407
862 1 525
573 1 233
0 1 407
639 1 760
0 1 760
266 1 481
862 1 760
522 1 407
428 1 137
428 1 273
522 1 525
573 1 918
639 1 985
573 1 481
605 1 218
484 1 48
862 1 407
522 1 760
555 1 788
840 1 481
239 1 481
308 1 890
239 1 918
308 1 525
266 1 137
276 1 48
308 1 407
644 1 233
0 1 890
840 1 918
331 1 233
862 1 890
226 1 137
428 1 946
862 1 48
522 1 233
441 1 760
484 1 481
484 1 918
605 1 407
639 1 852
441 1 525
605 1 525
441 1 407
840 1 273
266 1 588
276 1 985
0 1 946
605 1 890
308 1 137
862 1 985
226 1 985
331 1 588
840 1 946
573 1 218
214 1 48
441 1 890
522 1 588
100 1 48
661 1 218
555 1 760
239 1 588
276 1 170
0 1 273
511 1 137
100 1 852
555 1 525
308 1 273
644 1 852
573 1 588
605 1 760
308 1 946
100 1 170
331 1 218
239 1 218
644 1 170
276 1 852
639 1 170
484 1 137
266 1 233
555 1 170
100 1 946
661 1 788
522 1 218
840 1 852
214 1 218
441 1 788
555 1 852
605 1 788
276 1 525
840 1 170
276 1 407
276 1 760
239 1 788
484 1 588
428 1 218
308 1 170
214 1 588
862 1 170
639 1 946
428 1 233
511 1 273
100 1 273
0 1 170
555 1 985
644 1 946
639 1 273
331 1 48
511 1 946
226 1 170
266 1 218
862 1 852
644 1 273
226 1 852
484 1 233
428 1 588
0 1 852
0 1 48
239 1 890
555 1 273
428 1 760
639 1 137
511 1 588
522 1 273
266 1 788
555 1 946
308 1 218
644 1 525
661 1 481
644 1 760
331 1 788
100 1 481
276 1 946
573 1 890
239 1 525
605 1 170
226 1 788
100 1 918
522 1 946
239 1 407
0 1 588
522 1 48
661 1 918
428 1 890
484 1 170
840 1 985
214 1 525
308 1 233
661 1 137
441 1 218
862 1 946
639 1 48
239 1 48
511 1 218
100 1 137
644 1 407
214 1 760
0 1 233
308 1 588
428 1 525
644 1 890
276 1 137
331 1 890
428 1 407
484 1 852
573 1 788
862 1 273
522 1 137
511 1 481
0 1 481
441 1 588
639 1 918
0 1 918
840 1 890
862 1 918
661 1 588
266 1 48
555 1 137
308 1 481
214 1 890
605 1 985
100 1 588
644 1 985
266 1 525
331 1 407
639 1 481
266 1 407
511 1 918
484 1 946
331 1 525
308 1 918
214 1 407
226 1 525
226 1 760
840 1 407
266 1 760
862 1 481
331 1 760
840 1 525
239 1 760
214 1 788
441 1 233
484 1 273
226 1 407
522 1 481
661 1 233
639 1 588
511 1 233
840 1 760
100 1 233
605 1 852
0 1 137
226 1 890
639 1 233
573 1 760
862 1 137
840 1 48
266 1 890
428 1 788
276 1 273
573 1 407
522 1 918
573 1 525
226 1 218
239 1 852
555 1 233
239 1 170
573 1 170
214 1 273
639 1 218
511 1 788
0 1 788
484 1 525
573 1 852
266 1 985
441 1 918
331 1 985
484 1 407
862 1 588
226 1 588
214 1 946
484 1 760
276 1 588
441 1 481
331 1 170
840 1 788
100 1 218
555 1 481
605 1 918
644 1 48
428 1 48
661 1 48
522 1 985
239 1 985
441 1 137
511 1 890
661 1 852
428 1 170
276 1 218
661 1 170
511 1 407
555 1 918
605 1 481
308 1 788
484 1 890
331 1 852
862 1 233
226 1 233
573 1 985
100 1 788
661 1 946
522 1 852
840 1 218
214 1 852
276 1 481
214 1 170
605 1 946
276 1 918
522 1 170
441 1 946
239 1 273
555 1 218
644 1 788
605 1 273
573 1 273
511 1 48
428 1 852
239 1 946
484 1 985
441 1 273
214 1 985
266 1 170
555 1 588
555 1 48
661 1 273
605 1 48
605 1 137
639 1 788
266 1 852
862 1 218
428 1 985
331 1 273
0 1 218
276 1 233
--------------------------------------
885 3 545
790 3 629
556 3 372
310 3 697
481 3 697
983 3 545
883 3 486
249 3 148
724 3 148
478 3 372
634 3 372
257 3 486
197 3 629
493 3 486
520 3 545
305 3 629
996 3 545
336 3 697
423 3 629
463 3 629
518 3 545
478 3 148
926 3 148
883 3 372
994 3 486
938 3 148
61 3 486
581 3 629
556 3 148
130 3 545
943 3 545
196 3 545
124 3 629
61 3 372
234 3 629
449 3 629
634 3 148
246 3 545
707 3 545
865 3 545
902 3 545
486 3 372
994 3 372
928 3 697
883 3 148
249 3 486
684 3 629
740 3 486
451 3 629
724 3 372
141 3 697
192 3 629
909 3 545
564 3 697
588 3 148
246 3 697
994 3 148
740 3 372
926 3 486
865 3 697
486 3 486
556 3 486
566 3 545
61 3 148
938 3 486
996 3 629
249 3 372
257 3 697
938 3 372
427 3 545
724 3 486
493 3 697
518 3 697
336 3 486
926 3 372
598 3 697
192 3 486
612 3 148
790 3 545
310 3 372
124 3 545
710 3 545
740 3 148
556 3 697
196 3 697
197 3 545
634 3 697
305 3 148
598 3 486
581 3 148
612 3 372
310 3 148
463 3 148
423 3 545
130 3 629
928 3 486
520 3 629
724 3 697
486 3 148
883 3 697
926 3 629
983 3 629
707 3 629
996 3 697
141 3 148
451 3 545
336 3 545
564 3 545
865 3 629
449 3 545
423 3 697
305 3 372
612 3 486
518 3 372
994 3 697
234 3 545
938 3 697
928 3 372
902 3 629
141 3 372
566 3 629
246 3 372
257 3 545
493 3 148
581 3 372
478 3 629
518 3 486
192 3 148
598 3 148
305 3 486
885 3 697
61 3 629
581 3 486
481 3 545
192 3 372
588 3 629
310 3 486
249 3 697
928 3 148
943 3 697
493 3 372
598 3 372
141 3 486
684 3 148
634 3 486
710 3 629
909 3 697
427 3 629
246 3 486
885 3 148
566 3 372
564 3 629
865 3 148
724 3 545
983 3 148
196 3 372
234 3 486
520 3 148
486 3 629
130 3 372
909 3 486
996 3 148
451 3 697
994 3 629
684 3 372
518 3 148
449 3 697
478 3 545
926 3 545
612 3 697
938 3 545
710 3 697
556 3 545
790 3 697
566 3 486
257 3 629
130 3 148
943 3 148
196 3 148
740 3 629
249 3 545
246 3 148
684 3 486
707 3 148
197 3 697
141 3 629
588 3 697
996 3 372
336 3 629
305 3 697
581 3 697
902 3 148
885 3 486
634 3 545
983 3 486
943 3 486
883 3 545
423 3 372
463 3 372
520 3 486
996 3 486
556 3 629
197 3 486
909 3 148
588 3 545
493 3 629
983 3 372
994 3 545
928 3 629
423 3 486
707 3 372
943 3 372
463 3 486
885 3 372
124 3 697
234 3 697
61 3 545
566 3 148
481 3 629
427 3 148
909 3 372
196 3 486
612 3 545
451 3 486
520 3 372
192 3 697
707 3 486
246 3 629
478 3 697
724 3 629
902 3 486
926 3 697
566 3 697
740 3 545
124 3 148
130 3 697
790 3 148
427 3 486
710 3 148
336 3 372
518 3 629
684 3 697
588 3 486
902 3 372
707 3 697
197 3 148
305 3 545
481 3 372
451 3 372
938 3 629
581 3 545
598 3 629
481 3 486
310 3 545
423 3 148
710 3 372
463 3 545
486 3 545
427 3 372
249 3 629
790 3 372
588 3 372
141 3 545
451 3 148
943 3 629
885 3 629
336 3 148
196 3 629
564 3 148
197 3 372
449 3 148
449 3 486
909 3 629
463 3 697
865 3 486
790 3 486
486 3 697
124 3 486
710 3 486
61 3 697
234 3 148
634 3 629
427 3 697
564 3 372
257 3 148
493 3 545
598 3 545
310 3 629
192 3 545
234 3 372
865 3 372
928 3 545
449 3 372
124 3 372
902 3 697
478 3 486
481 3 148
130 3 486
983 3 697
740 3 697
883 3 629
520 3 697
684 3 545
257 3 372
612 3 629
564 3 486
--------------------------------------
293 2 195
267 2 831
972 2 246
942 2 32
942 2 880
444 2 246
896 2 437
316 2 880
794 2 195
316 2 877
155 2 877
794 2 877
29 2 967
155 2 195
942 2 877
293 2 877
29 2 728
29 2 608
316 2 195
972 2 239
444 2 490
444 2 254
444 2 251
29 2 831
293 2 880
444 2 499
267 2 263
794 2 880
896 2 559
316 2 623
225 2 880
155 2 880
942 2 861
267 2 854
972 2 469
972 2 347
896 2 19
29 2 861
267 2 178
896 2 578
29 2 181
155 2 728
155 2 608
444 2 347
896 2 211
794 2 82
444 2 469
942 2 181
225 2 877
155 2 854
29 2 623
225 2 195
293 2 178
155 2 178
293 2 854
267 2 19
267 2 728
942 2 854
267 2 608
293 2 181
267 2 967
155 2 181
293 2 82
972 2 578
29 2 178
972 2 211
896 2 469
942 2 195
896 2 347
444 2 239
225 2 623
155 2 623
225 2 861
293 2 861
29 2 854
155 2 861
896 2 32
225 2 181
293 2 623
942 2 623
972 2 967
267 2 239
29 2 246
896 2 239
225 2 578
225 2 211
155 2 831
316 2 831
794 2 559
794 2 437
293 2 831
942 2 437
942 2 559
972 2 559
972 2 437
267 2 469
942 2 82
942 2 578
267 2 347
267 2 32
942 2 211
444 2 211
896 2 246
225 2 559
444 2 578
293 2 967
155 2 967
293 2 728
972 2 82
293 2 608
29 2 239
293 2 490
29 2 263
155 2 490
896 2 251
316 2 181
896 2 490
293 2 251
293 2 254
267 2 499
267 2 254
316 2 861
896 2 499
267 2 251
896 2 254
267 2 490
225 2 437
794 2 211
444 2 19
316 2 854
155 2 254
293 2 499
155 2 499
155 2 251
316 2 82
794 2 578
896 2 263
29 2 254
293 2 263
29 2 499
267 2 246
316 2 178
444 2 437
29 2 490
444 2 559
444 2 32
29 2 251
316 2 728
316 2 967
794 2 469
155 2 263
794 2 347
316 2 608
267 2 559
942 2 246
267 2 437
444 2 880
972 2 880
316 2 246
267 2 82
896 2 831
155 2 19
225 2 254
316 2 239
225 2 499
896 2 82
155 2 239
225 2 251
794 2 239
29 2 19
225 2 19
942 2 239
225 2 490
293 2 239
972 2 32
972 2 877
942 2 499
942 2 254
942 2 490
942 2 251
972 2 195
155 2 32
225 2 246
316 2 469
316 2 347
29 2 437
29 2 559
293 2 246
155 2 246
794 2 246
444 2 181
972 2 623
942 2 347
267 2 578
972 2 861
29 2 347
896 2 854
267 2 211
794 2 490
444 2 861
316 2 263
896 2 178
444 2 623
972 2 181
794 2 254
896 2 728
225 2 239
896 2 608
29 2 32
155 2 578
896 2 967
794 2 251
29 2 469
293 2 211
155 2 211
293 2 578
794 2 499
444 2 195
972 2 854
316 2 490
29 2 211
972 2 19
225 2 32
896 2 181
972 2 178
29 2 578
896 2 623
316 2 499
896 2 861
444 2 877
316 2 254
316 2 251
225 2 347
225 2 469
155 2 347
794 2 263
155 2 469
316 2 32
972 2 608
293 2 469
972 2 728
942 2 469
293 2 347
29 2 880
896 2 195
267 2 877
444 2 82
225 2 608
896 2 877
225 2 728
225 2 967
267 2 195
155 2 559
225 2 854
225 2 178
316 2 559
316 2 437
155 2 437
794 2 19
293 2 559
293 2 437
794 2 831
896 2 880
267 2 623
972 2 831
267 2 861
942 2 178
444 2 178
29 2 195
444 2 854
267 2 181
444 2 728
444 2 967
316 2 19
293 2 19
444 2 608
29 2 877
942 2 728
794 2 967
942 2 608
942 2 967
794 2 728
942 2 263
794 2 608
444 2 263
972 2 263
942 2 19
225 2 82
225 2 831
794 2 178
316 2 578
155 2 82
794 2 854
794 2 32
942 2 831
972 2 499
972 2 254
794 2 181
267 2 880
972 2 251
316 2 211
444 2 831
972 2 490
794 2 861
29 2 82
225 2 263
293 2 32
794 2 623
--------------------------------------
