100,30,1000,20,50,10,0.271,1.475
300,30,1000,20,50,10,0.235,1.43
500,30,1000,20,50,10,0.16,0.536
700,30,1000,20,50,10,0.486,1.231
1000,30,1000,20,50,10,0.216,1.816
1200,30,1000,20,50,10,0.25,0.823
1400,30,1000,20,50,10,0.152,0.522
1600,30,1000,20,50,10,0.208,0.771
1800,30,1000,20,50,10,0.24,0.667
2000,30,1000,20,50,10,0.2,0.719
1000,5,1000,20,50,10,0.054,0.321
1000,10,1000,20,50,10,0.093,0.43
1000,15,1000,20,50,10,0.152,0.414
1000,20,1000,20,50,10,0.12,0.761
1000,25,1000,20,50,10,0.22,0.604
1000,30,1000,20,50,10,0.293,0.643
1000,35,1000,20,50,10,0.241,0.534
1000,40,1000,20,50,10,0.146,0.449
1000,45,1000,20,50,10,0.258,1.361
1000,50,1000,20,50,10,0.47,3.21
1000,55,1000,20,50,10,0.242,1.234
1000,60,1000,20,50,10,0.492,1.929
1000,65,1000,20,50,10,0.222,0.716
1000,70,1000,20,50,10,0.252,1.168
1000,75,1000,20,50,10,0.322,3.49
1000,80,1000,20,50,10,0.29,1.501
1000,85,1000,20,50,10,0.477,3.709
1000,90,1000,20,50,10,0.363,1.31
1000,95,1000,20,50,10,0.435,1.512
1000,100,1000,20,50,10,0.48,9.775
1000,105,1000,20,50,10,0.783,5.914
1000,110,1000,20,50,10,0.764,21.885
1000,115,1000,20,50,10,0.703,10.412
1000,120,1000,20,50,10,0.495,1.89
1000,125,1000,20,50,10,0.724,9.857
1000,130,1000,20,50,10,1.025,8.787
1000,135,1000,20,50,10,1.194,35.715
1000,140,1000,20,50,10,1.285,31.188
1000,145,1000,20,50,10,0.922,4.675
1000,150,1000,20,50,10,0.732,6.321
1000,30,100,20,50,10,0.162,0.496
1000,30,300,20,50,10,0.172,0.605
1000,30,500,20,50,10,0.252,0.922
1000,30,700,20,50,10,0.344,0.794
1000,30,1000,20,50,10,0.27,0.835
1000,30,1200,20,50,10,0.221,0.685
1000,30,1400,20,50,10,0.263,0.817
1000,30,1600,20,50,10,0.214,0.54
1000,30,1800,20,50,10,0.177,0.541
1000,30,2000,20,50,10,0.274,0.68
1000,30,1000,5,50,10,0.074,0.372
1000,30,1000,10,50,10,0.176,0.53
1000,30,1000,15,50,10,0.145,0.57
1000,30,1000,20,50,10,0.276,1.669
1000,30,1000,25,50,10,0.25,0.823
1000,30,1000,30,50,10,0.335,2.779
1000,30,1000,35,50,10,0.274,1.018
1000,30,1000,40,50,10,0.43,1.805
1000,30,1000,45,50,10,0.294,1.416
1000,30,1000,50,50,10,0.416,8.021
1000,30,1000,55,50,10,0.355,2.684
1000,30,1000,60,50,10,0.398,3.325
1000,30,1000,65,50,10,0.629,4.516
1000,30,1000,70,50,10,0.509,6.049
1000,30,1000,75,50,10,0.528,2.292
1000,30,1000,80,50,10,0.455,1.501
1000,30,1000,85,50,10,0.698,23.537
1000,30,1000,90,50,10,0.513,5.651
1000,30,1000,95,50,10,0.39,3.739
1000,30,1000,100,50,10,0.476,12.526
1000,30,1000,105,50,10,0.968,9.581
1000,30,1000,110,50,10,1.02,14.993
1000,30,1000,115,50,10,0.65,5.13
1000,30,1000,120,50,10,1.003,14.562
1000,30,1000,125,50,10,1.615,57.143
1000,30,1000,130,50,10,0.671,23.859
1000,30,1000,135,50,10,1.184,9.786
1000,30,1000,140,50,10,0.587,4.033
1000,30,1000,145,50,10,1.013,32.526
1000,30,1000,150,50,10,1.448,32.532
1000,30,1000,20,5,10,0.123,0.541
1000,30,1000,20,10,10,0.183,0.655
1000,30,1000,20,15,10,0.289,0.796
1000,30,1000,20,20,10,0.229,0.67
1000,30,1000,20,25,10,0.174,0.551
1000,30,1000,20,30,10,0.155,0.516
1000,30,1000,20,35,10,0.161,0.865
1000,30,1000,20,40,10,0.156,0.478
1000,30,1000,20,45,10,0.216,0.603
1000,30,1000,20,50,10,0.281,0.944
1000,30,1000,20,50,5,0.111,0.414
1000,30,1000,20,50,10,0.27,0.976
1000,30,1000,20,50,15,0.266,0.832
1000,30,1000,20,50,20,0.41,2.739
1000,30,1000,20,50,25,0.518,16.671
1000,30,1000,20,50,30,0.53,4.463
1000,30,1000,20,50,35,0.547,63.587
1000,30,1000,20,50,40,0.575,18.31
1000,30,1000,20,50,45,0.545,36.249
1000,30,1000,20,50,50,0.653,224.398
1000,30,1000,20,50,55,1.012,117.052
1000,30,1000,20,50,60,1.161,226.746
1000,30,1000,20,50,65,0.923,86.278
1000,30,1000,20,50,70,0.6,256.319
1000,30,1000,20,50,75,0.707,297.289
1000,30,1000,20,50,80,0.993,967.374
1000,30,1000,20,50,85,0.912,546.099
1000,30,1000,20,50,90,0.887,678.137
1000,30,1000,20,50,95,1.101,880.232
1000,30,1000,20,50,100,0.994,905.257
