1000,5,1000,20,50,10,0.054,0.321
1000,10,1000,20,50,10,0.093,0.43
1000,15,1000,20,50,10,0.152,0.414
1000,20,1000,20,50,10,0.12,0.761
1000,25,1000,20,50,10,0.22,0.604
1000,30,1000,20,50,10,0.293,0.643
1000,35,1000,20,50,10,0.241,0.534
1000,40,1000,20,50,10,0.146,0.449
1000,45,1000,20,50,10,0.258,1.361
1000,50,1000,20,50,10,0.47,3.21
1000,55,1000,20,50,10,0.242,1.234
1000,60,1000,20,50,10,0.492,1.929
1000,65,1000,20,50,10,0.222,0.716
1000,70,1000,20,50,10,0.252,1.168
1000,75,1000,20,50,10,0.322,3.49
1000,80,1000,20,50,10,0.29,1.501
1000,85,1000,20,50,10,0.477,3.709
1000,90,1000,20,50,10,0.363,1.31
1000,95,1000,20,50,10,0.435,1.512
1000,100,1000,20,50,10,0.48,9.775
1000,105,1000,20,50,10,0.783,5.914
1000,110,1000,20,50,10,0.764,21.885
1000,115,1000,20,50,10,0.703,10.412
1000,120,1000,20,50,10,0.495,1.89
1000,125,1000,20,50,10,0.724,9.857
1000,130,1000,20,50,10,1.025,8.787
1000,135,1000,20,50,10,1.194,35.715
1000,140,1000,20,50,10,1.285,31.188
1000,145,1000,20,50,10,0.922,4.675
1000,150,1000,20,50,10,0.732,6.321