1000,30,1000,5,50,10,0.074,0.372
1000,30,1000,10,50,10,0.176,0.53
1000,30,1000,15,50,10,0.145,0.57
1000,30,1000,20,50,10,0.276,1.669
1000,30,1000,25,50,10,0.25,0.823
1000,30,1000,30,50,10,0.335,2.779
1000,30,1000,35,50,10,0.274,1.018
1000,30,1000,40,50,10,0.43,1.805
1000,30,1000,45,50,10,0.294,1.416
1000,30,1000,50,50,10,0.416,8.021
1000,30,1000,55,50,10,0.355,2.684
1000,30,1000,60,50,10,0.398,3.325
1000,30,1000,65,50,10,0.629,4.516
1000,30,1000,70,50,10,0.509,6.049
1000,30,1000,75,50,10,0.528,2.292
1000,30,1000,80,50,10,0.455,1.501
1000,30,1000,85,50,10,0.698,23.537
1000,30,1000,90,50,10,0.513,5.651
1000,30,1000,95,50,10,0.39,3.739
1000,30,1000,100,50,10,0.476,12.526
1000,30,1000,105,50,10,0.968,9.581
1000,30,1000,110,50,10,1.02,14.993
1000,30,1000,115,50,10,0.65,5.13
1000,30,1000,120,50,10,1.003,14.562
1000_30_1000_125_50_10,0.923,21.621
1000,30,1000,130,50,10,0.671,23.859
1000,30,1000,135,50,10,1.184,9.786
1000,30,1000,140,50,10,0.587,4.033
1000,30,1000,145,50,10,1.013,32.526
1000,30,1000,150,50,10,1.448,32.532