1000,30,1000,20,50,5,0.111,0.414
1000,30,1000,20,50,10,0.27,0.976
1000,30,1000,20,50,15,0.266,0.832
1000,30,1000,20,50,20,0.41,2.739
1000,30,1000,20,50,25,0.518,16.671
1000,30,1000,20,50,30,0.53,4.463
1000,30,1000,20,50,35,0.547,63.587
1000,30,1000,20,50,40,0.575,18.31
1000,30,1000,20,50,45,0.545,36.249
1000,30,1000,20,50,50,0.653,224.398
1000,30,1000,20,50,55,1.012,117.052
1000,30,1000,20,50,60,1.161,226.746
1000,30,1000,20,50,65,0.923,86.278
1000,30,1000,20,50,70,0.6,256.319
1000,30,1000,20,50,75,0.707,297.289
1000_30_1000_20_50_80,0.763,371.771
1000_30_1000_20_50_85,0.964,657.929
1000,30,1000,20,50,90,0.887,678.137
1000,30,1000,20,50,95,1.101,880.232
1000,30,1000,20,50,100,0.994,905.257
