906 8 350
906 8 110
891 8 717
891 8 444
891 8 600
906 8 516
906 8 517
758 8 328
806 8 65
806 8 341
758 8 600
758 8 444
906 8 887
891 8 426
906 8 243
806 8 987
891 8 279
891 8 158
906 8 81
906 8 85
891 8 394
891 8 395
891 8 153
758 8 729
758 8 717
806 8 350
806 8 110
758 8 279
758 8 158
891 8 85
758 8 394
891 8 81
758 8 395
758 8 153
806 8 516
758 8 81
806 8 517
891 8 780
758 8 85
906 8 341
758 8 426
806 8 43
806 8 243
906 8 987
806 8 887
758 8 780
891 8 655
891 8 376
906 8 65
906 8 394
906 8 395
906 8 153
758 8 655
806 8 376
891 8 65
758 8 376
806 8 655
906 8 279
906 8 158
891 8 516
891 8 517
906 8 717
891 8 887
891 8 243
758 8 65
806 8 780
758 8 887
906 8 600
891 8 987
758 8 243
806 8 426
906 8 444
906 8 729
891 8 110
906 8 328
906 8 43
891 8 350
758 8 516
758 8 517
806 8 394
806 8 395
806 8 153
906 8 655
891 8 43
806 8 279
806 8 158
758 8 110
906 8 376
758 8 350
806 8 717
891 8 341
758 8 43
906 8 780
758 8 987
806 8 85
806 8 444
906 8 426
891 8 729
806 8 81
806 8 600
758 8 341
891 8 328
806 8 328
806 8 729
--------------------------------------
906 8 350
906 8 110
891 8 717
891 8 444
891 8 600
906 8 516
906 8 517
568 0 615
568 0 593
568 0 230
568 0 990
758 8 328
806 8 65
806 8 341
758 8 600
758 8 444
568 0 998
906 8 887
891 8 426
906 8 243
568 0 356
806 8 987
891 8 279
891 8 158
906 8 81
906 8 85
891 8 394
891 8 395
891 8 153
758 8 729
758 8 717
568 0 95
806 8 350
806 8 110
758 8 279
758 8 158
568 0 326
568 0 16
891 8 85
568 0 324
758 8 394
891 8 81
758 8 395
758 8 153
806 8 516
758 8 81
806 8 517
568 0 956
891 8 780
758 8 85
906 8 341
758 8 426
806 8 43
806 8 243
906 8 987
806 8 887
568 0 455
758 8 780
891 8 655
568 0 607
568 0 969
891 8 376
906 8 65
906 8 394
568 0 261
906 8 395
906 8 153
758 8 655
806 8 376
891 8 65
568 0 667
758 8 376
806 8 655
906 8 279
906 8 158
891 8 516
891 8 517
906 8 717
891 8 887
891 8 243
758 8 65
568 0 393
806 8 780
568 0 150
758 8 887
906 8 600
568 0 677
891 8 987
758 8 243
806 8 426
906 8 444
906 8 729
568 0 827
891 8 110
906 8 328
568 0 548
568 0 945
906 8 43
891 8 350
568 0 362
758 8 516
758 8 517
806 8 394
806 8 395
806 8 153
906 8 655
891 8 43
568 0 403
568 0 525
806 8 279
806 8 158
758 8 110
906 8 376
758 8 350
806 8 717
891 8 341
568 0 911
758 8 43
906 8 780
758 8 987
806 8 85
568 0 415
806 8 444
906 8 426
891 8 729
568 0 259
806 8 81
806 8 600
758 8 341
891 8 328
568 0 254
806 8 328
568 0 497
806 8 729
568 0 528
568 0 408
--------------------------------------
906 8 350
910 8 485
906 8 110
907 8 287
895 8 527
891 8 717
910 8 527
891 8 444
891 8 600
139 8 456
445 8 485
906 8 516
906 8 517
568 0 615
390 8 287
568 0 593
568 0 230
568 0 990
405 8 527
758 8 328
806 8 65
806 8 341
758 8 600
758 8 444
568 0 998
405 8 485
445 8 527
906 8 887
891 8 426
906 8 243
568 0 356
806 8 987
891 8 279
891 8 158
176 8 485
906 8 81
906 8 85
139 8 287
949 8 456
891 8 394
891 8 395
891 8 153
758 8 729
758 8 717
568 0 95
339 8 287
542 8 287
806 8 350
806 8 110
758 8 279
758 8 158
568 0 326
568 0 16
891 8 85
568 0 324
758 8 394
891 8 81
758 8 395
758 8 153
806 8 516
758 8 81
806 8 517
176 8 456
123 8 527
568 0 956
891 8 780
949 8 287
758 8 85
906 8 341
758 8 426
806 8 43
907 8 456
339 8 456
806 8 243
906 8 987
123 8 485
59 8 485
806 8 887
568 0 455
758 8 780
891 8 655
568 0 607
568 0 969
891 8 376
492 8 485
59 8 527
906 8 65
390 8 456
895 8 287
492 8 527
906 8 394
910 8 287
568 0 261
907 8 485
906 8 395
906 8 153
758 8 655
806 8 376
891 8 65
568 0 667
758 8 376
806 8 655
906 8 279
906 8 158
891 8 516
891 8 517
906 8 717
891 8 887
390 8 527
445 8 287
891 8 243
907 8 527
758 8 65
492 8 456
390 8 485
542 8 456
568 0 393
895 8 456
806 8 780
568 0 150
910 8 456
758 8 887
906 8 600
405 8 287
568 0 677
891 8 987
758 8 243
806 8 426
906 8 444
906 8 729
176 8 287
568 0 827
891 8 110
906 8 328
568 0 548
568 0 945
139 8 485
906 8 43
891 8 350
139 8 527
568 0 362
758 8 516
339 8 485
758 8 517
542 8 485
806 8 394
806 8 395
806 8 153
906 8 655
891 8 43
568 0 403
568 0 525
806 8 279
806 8 158
176 8 527
339 8 527
758 8 110
906 8 376
949 8 527
758 8 350
405 8 456
123 8 456
445 8 456
59 8 456
806 8 717
891 8 341
568 0 911
758 8 43
949 8 485
906 8 780
758 8 987
806 8 85
568 0 415
806 8 444
906 8 426
891 8 729
123 8 287
568 0 259
806 8 81
806 8 600
758 8 341
59 8 287
891 8 328
568 0 254
806 8 328
568 0 497
806 8 729
568 0 528
568 0 408
492 8 287
895 8 485
542 8 527
--------------------------------------
910 8 485
791 4 66
907 8 287
895 8 527
891 8 717
712 4 963
891 8 600
906 8 516
791 4 644
906 8 517
568 0 615
390 8 287
199 4 730
568 0 990
405 8 527
806 8 65
806 8 341
758 8 600
568 0 998
445 8 527
906 8 887
712 4 66
712 4 730
891 8 279
891 8 158
176 8 485
791 4 638
615 4 924
139 8 287
949 8 456
891 8 394
891 8 395
891 8 153
758 8 729
758 8 717
568 0 95
806 8 350
712 4 706
806 8 110
758 8 279
758 8 158
758 8 394
758 8 395
758 8 153
176 8 456
155 4 66
568 0 956
712 4 270
615 4 270
806 8 43
339 8 456
199 4 638
806 8 243
906 8 987
123 8 485
615 4 66
615 4 706
568 0 607
568 0 969
891 8 376
59 8 527
791 4 730
615 4 145
155 4 693
199 4 644
155 4 574
492 8 527
906 8 394
910 8 287
907 8 485
906 8 395
906 8 153
758 8 655
568 0 667
806 8 655
906 8 279
906 8 158
712 4 644
155 4 322
906 8 717
791 4 329
891 8 243
155 4 329
791 4 322
758 8 65
615 4 574
390 8 485
615 4 693
806 8 780
758 8 887
906 8 600
405 8 287
568 0 677
806 8 426
906 8 729
615 4 329
891 8 110
568 0 548
139 8 485
906 8 43
891 8 350
615 4 322
758 8 516
758 8 517
568 0 403
568 0 525
176 8 527
339 8 527
906 8 376
949 8 527
123 8 456
445 8 456
891 8 341
758 8 43
758 8 987
806 8 85
568 0 415
806 8 444
712 4 638
806 8 81
59 8 287
891 8 328
806 8 328
568 0 528
568 0 408
492 8 287
199 4 329
542 8 527
199 4 322
906 8 350
906 8 110
155 4 638
910 8 527
712 4 329
891 8 444
712 4 693
199 4 574
791 4 924
712 4 574
155 4 644
139 8 456
445 8 485
199 4 693
568 0 593
568 0 230
758 8 328
758 8 444
405 8 485
891 8 426
906 8 243
568 0 356
806 8 987
906 8 81
906 8 85
615 4 644
339 8 287
542 8 287
568 0 326
568 0 16
891 8 85
568 0 324
891 8 81
806 8 516
758 8 81
806 8 517
123 8 527
891 8 780
949 8 287
758 8 85
906 8 341
758 8 426
907 8 456
59 8 485
806 8 887
568 0 455
758 8 780
155 4 730
891 8 655
712 4 322
492 8 485
906 8 65
390 8 456
895 8 287
791 4 574
791 4 693
568 0 261
199 4 924
806 8 376
891 8 65
758 8 376
712 4 924
891 8 516
891 8 517
155 4 963
891 8 887
390 8 527
445 8 287
791 4 963
615 4 730
907 8 527
492 8 456
542 8 456
791 4 270
568 0 393
895 8 456
568 0 150
910 8 456
199 4 66
155 4 706
891 8 987
758 8 243
906 8 444
791 4 706
176 8 287
199 4 145
568 0 827
712 4 145
906 8 328
568 0 945
155 4 270
139 8 527
615 4 963
568 0 362
339 8 485
542 8 485
806 8 394
199 4 706
806 8 395
806 8 153
906 8 655
891 8 43
806 8 279
806 8 158
758 8 110
758 8 350
405 8 456
59 8 456
806 8 717
615 4 638
568 0 911
199 4 270
791 4 145
949 8 485
155 4 145
906 8 780
155 4 924
906 8 426
891 8 729
123 8 287
568 0 259
806 8 600
758 8 341
568 0 254
568 0 497
806 8 729
895 8 485
199 4 963
--------------------------------------
910 8 485
791 4 66
907 8 287
895 8 527
107 5 980
722 5 375
891 8 717
107 5 181
712 4 963
160 5 303
891 8 600
906 8 516
791 4 644
906 8 517
568 0 615
722 5 368
390 8 287
199 4 730
568 0 990
405 8 527
806 8 65
806 8 341
758 8 600
568 0 998
445 8 527
906 8 887
712 4 66
712 4 730
891 8 279
891 8 158
176 8 485
791 4 638
615 4 924
139 8 287
949 8 456
891 8 394
891 8 395
891 8 153
758 8 729
107 5 743
758 8 717
568 0 95
806 8 350
712 4 706
806 8 110
758 8 279
758 8 158
758 8 394
758 8 395
758 8 153
160 5 402
176 8 456
155 4 66
568 0 956
712 4 270
615 4 270
160 5 659
806 8 43
339 8 456
199 4 638
806 8 243
906 8 987
123 8 485
615 4 66
160 5 776
615 4 706
568 0 607
568 0 969
891 8 376
59 8 527
791 4 730
107 5 965
615 4 145
155 4 693
199 4 644
155 4 574
492 8 527
107 5 962
906 8 394
910 8 287
907 8 485
906 8 395
906 8 153
758 8 655
568 0 667
160 5 341
806 8 655
906 8 279
906 8 158
712 4 644
160 5 469
155 4 322
906 8 717
791 4 329
891 8 243
155 4 329
791 4 322
758 8 65
615 4 574
722 5 962
107 5 659
390 8 485
107 5 776
722 5 965
615 4 693
806 8 780
758 8 887
906 8 600
405 8 287
568 0 677
806 8 426
906 8 729
615 4 329
891 8 110
568 0 548
139 8 485
906 8 43
891 8 350
615 4 322
107 5 303
758 8 516
758 8 517
568 0 403
568 0 525
176 8 527
339 8 527
906 8 376
949 8 527
123 8 456
445 8 456
891 8 341
722 5 743
758 8 43
758 8 987
722 5 980
806 8 85
568 0 415
806 8 444
107 5 96
712 4 638
806 8 81
59 8 287
891 8 328
722 5 181
806 8 328
160 5 578
568 0 528
568 0 408
492 8 287
199 4 329
542 8 527
199 4 322
107 5 402
906 8 350
107 5 341
906 8 110
155 4 638
910 8 527
712 4 329
891 8 444
712 4 693
199 4 574
791 4 924
712 4 574
155 4 644
139 8 456
445 8 485
199 4 693
722 5 402
107 5 578
568 0 593
568 0 230
758 8 328
758 8 444
405 8 485
891 8 426
906 8 243
568 0 356
806 8 987
906 8 81
906 8 85
722 5 96
107 5 469
615 4 644
339 8 287
542 8 287
568 0 326
568 0 16
891 8 85
568 0 324
160 5 368
891 8 81
806 8 516
758 8 81
806 8 517
160 5 96
123 8 527
722 5 303
891 8 780
949 8 287
758 8 85
906 8 341
758 8 426
907 8 456
160 5 375
59 8 485
806 8 887
568 0 455
758 8 780
155 4 730
891 8 655
712 4 322
492 8 485
906 8 65
390 8 456
895 8 287
722 5 776
791 4 574
791 4 693
722 5 659
568 0 261
199 4 924
806 8 376
891 8 65
160 5 980
758 8 376
712 4 924
891 8 516
891 8 517
160 5 743
155 4 963
891 8 887
390 8 527
445 8 287
160 5 181
791 4 963
615 4 730
907 8 527
492 8 456
542 8 456
791 4 270
568 0 393
895 8 456
568 0 150
910 8 456
199 4 66
155 4 706
891 8 987
758 8 243
906 8 444
791 4 706
176 8 287
199 4 145
568 0 827
712 4 145
906 8 328
568 0 945
155 4 270
139 8 527
615 4 963
568 0 362
160 5 965
339 8 485
542 8 485
806 8 394
199 4 706
806 8 395
806 8 153
906 8 655
891 8 43
806 8 279
806 8 158
758 8 110
160 5 962
758 8 350
405 8 456
59 8 456
806 8 717
615 4 638
568 0 911
199 4 270
722 5 469
791 4 145
949 8 485
155 4 145
906 8 780
107 5 375
722 5 341
155 4 924
906 8 426
891 8 729
123 8 287
568 0 259
806 8 600
758 8 341
568 0 254
568 0 497
806 8 729
895 8 485
722 5 578
199 4 963
107 5 368
--------------------------------------
791 4 66
107 5 980
722 5 375
891 8 717
891 8 600
791 4 644
556 2 213
722 5 368
556 2 457
556 2 331
556 2 454
806 8 65
806 8 341
712 4 66
176 8 485
791 4 638
139 8 287
556 2 104
107 5 743
556 2 464
806 8 350
556 2 669
806 8 110
758 8 279
758 8 158
758 8 394
758 8 395
758 8 153
176 8 456
155 4 66
556 2 797
712 4 270
556 2 553
615 4 270
806 8 43
339 8 456
806 8 243
123 8 485
615 4 66
791 4 730
107 5 965
615 4 145
556 2 326
492 8 527
107 5 962
906 8 394
646 2 949
906 8 395
906 8 153
646 2 944
806 8 655
906 8 279
906 8 158
791 4 329
791 4 322
758 8 65
615 4 574
107 5 659
107 5 776
615 4 693
806 8 780
405 8 287
806 8 426
615 4 329
139 8 485
906 8 43
556 2 422
615 4 322
646 2 35
107 5 303
176 8 527
339 8 527
906 8 376
123 8 456
646 2 731
556 2 632
758 8 43
806 8 85
806 8 444
107 5 96
806 8 81
59 8 287
722 5 181
806 8 328
107 5 402
906 8 350
107 5 341
906 8 110
646 2 501
646 2 744
910 8 527
712 4 329
712 4 693
199 4 574
791 4 924
597 2 944
712 4 574
139 8 456
445 8 485
199 4 693
646 2 632
722 5 402
556 2 731
556 2 975
107 5 578
568 0 593
568 0 230
769 2 632
646 2 975
405 8 485
906 8 243
568 0 356
806 8 987
906 8 81
646 2 78
906 8 85
646 2 76
722 5 96
107 5 469
769 2 35
556 2 501
556 2 744
615 4 644
339 8 287
769 2 744
556 2 949
769 2 501
556 2 944
568 0 326
891 8 85
568 0 324
160 5 368
891 8 81
806 8 516
758 8 81
806 8 517
160 5 96
646 2 43
722 5 303
949 8 287
758 8 85
769 2 43
769 2 731
906 8 341
769 2 975
907 8 456
160 5 375
597 2 949
806 8 887
568 0 455
712 4 322
906 8 65
895 8 287
722 5 776
722 5 659
568 0 261
891 8 65
646 2 669
884 2 731
445 8 287
160 5 181
597 2 744
884 2 975
597 2 501
646 2 553
791 4 963
646 2 797
615 4 730
907 8 527
568 0 393
895 8 456
568 0 150
910 8 456
199 4 66
906 8 444
791 4 706
176 8 287
199 4 145
712 4 145
597 2 975
906 8 328
597 2 731
646 2 422
155 4 270
769 2 78
769 2 76
139 8 527
615 4 963
568 0 362
339 8 485
769 2 944
906 8 655
891 8 43
646 2 326
769 2 949
884 2 949
405 8 456
806 8 717
615 4 638
646 2 331
646 2 454
199 4 270
722 5 469
646 2 213
949 8 485
155 4 145
906 8 780
107 5 375
722 5 341
906 8 426
123 8 287
568 0 259
806 8 600
568 0 254
568 0 497
806 8 729
597 2 632
884 2 944
895 8 485
722 5 578
107 5 368
910 8 485
907 8 287
895 8 527
107 5 181
712 4 963
160 5 303
597 2 669
646 2 351
556 2 35
906 8 516
597 2 422
906 8 517
568 0 615
769 2 371
769 2 493
390 8 287
646 2 590
199 4 730
568 0 990
405 8 527
769 2 358
758 8 600
646 2 457
568 0 998
445 8 527
906 8 887
712 4 730
891 8 279
891 8 158
615 4 924
646 2 464
949 8 456
646 2 104
891 8 394
891 8 395
891 8 153
758 8 729
556 2 43
769 2 104
758 8 717
568 0 95
712 4 706
884 2 35
160 5 402
646 2 493
884 2 632
597 2 326
568 0 956
769 2 590
769 2 351
646 2 371
769 2 213
160 5 659
769 2 457
199 4 638
646 2 358
906 8 987
597 2 35
160 5 776
615 4 706
568 0 607
884 2 744
568 0 969
884 2 501
597 2 797
891 8 376
59 8 527
597 2 553
155 4 693
199 4 644
155 4 574
769 2 464
910 8 287
907 8 485
769 2 326
758 8 655
568 0 667
160 5 341
712 4 644
160 5 469
155 4 322
884 2 454
906 8 717
556 2 78
884 2 213
891 8 243
884 2 457
597 2 104
155 4 329
597 2 464
722 5 962
390 8 485
769 2 331
769 2 454
884 2 331
722 5 965
646 2 152
556 2 76
769 2 797
758 8 887
906 8 600
568 0 677
884 2 43
906 8 729
646 2 386
891 8 110
884 2 326
597 2 457
646 2 267
568 0 548
597 2 213
597 2 454
597 2 331
891 8 350
769 2 422
758 8 516
758 8 517
769 2 669
568 0 403
568 0 525
949 8 527
884 2 76
445 8 456
884 2 78
884 2 553
884 2 797
891 8 341
722 5 743
769 2 553
758 8 987
722 5 980
568 0 415
712 4 638
891 8 328
160 5 578
884 2 422
568 0 528
597 2 358
568 0 408
492 8 287
884 2 669
199 4 329
542 8 527
597 2 351
199 4 322
597 2 590
155 4 638
891 8 444
155 4 644
597 2 267
597 2 386
884 2 371
884 2 493
758 8 328
758 8 444
891 8 426
597 2 493
597 2 371
542 8 287
568 0 16
556 2 152
123 8 527
884 2 358
891 8 780
884 2 590
884 2 351
758 8 426
59 8 485
758 8 780
155 4 730
884 2 464
891 8 655
884 2 104
492 8 485
390 8 456
791 4 574
791 4 693
597 2 152
199 4 924
806 8 376
160 5 980
758 8 376
712 4 924
597 2 43
891 8 516
891 8 517
160 5 743
556 2 371
155 4 963
556 2 493
891 8 887
390 8 527
492 8 456
542 8 456
791 4 270
155 4 706
891 8 987
758 8 243
568 0 827
568 0 945
556 2 386
556 2 267
160 5 965
542 8 485
806 8 394
199 4 706
806 8 395
806 8 153
806 8 279
806 8 158
758 8 110
160 5 962
758 8 350
59 8 456
556 2 590
556 2 351
568 0 911
791 4 145
556 2 358
769 2 152
884 2 152
155 4 924
891 8 729
597 2 78
758 8 341
597 2 76
884 2 267
769 2 386
199 4 963
769 2 267
884 2 386
--------------------------------------
791 4 66
518 9 856
107 5 980
722 5 375
891 8 717
300 9 243
891 8 600
791 4 644
345 9 135
556 2 213
722 5 368
556 2 457
347 9 451
556 2 331
556 2 454
270 9 694
357 9 856
270 9 451
806 8 65
806 8 341
206 9 283
712 4 66
300 9 135
345 9 391
176 8 485
300 9 128
791 4 638
139 8 287
556 2 104
107 5 743
556 2 464
371 9 856
270 9 243
806 8 350
556 2 669
806 8 110
758 8 279
758 8 158
206 9 391
345 9 243
270 9 128
758 8 394
758 8 395
758 8 153
868 9 68
176 8 456
155 4 66
556 2 797
167 9 856
712 4 270
593 9 939
556 2 553
615 4 270
347 9 694
806 8 43
339 8 456
806 8 243
123 8 485
864 9 784
615 4 66
101 9 784
206 9 135
345 9 128
791 4 730
107 5 965
615 4 145
556 2 326
492 8 527
107 5 962
906 8 394
646 2 949
270 9 784
906 8 395
906 8 153
528 9 939
371 9 939
646 2 944
101 9 451
806 8 655
101 9 694
766 9 283
906 8 279
906 8 158
791 4 329
206 9 243
864 9 68
290 9 939
791 4 322
758 8 65
615 4 574
107 5 659
206 9 128
107 5 776
615 4 693
806 8 780
357 9 939
405 8 287
118 9 939
806 8 426
300 9 694
300 9 451
615 4 329
864 9 451
139 8 485
906 8 43
556 2 422
615 4 322
646 2 35
107 5 303
347 9 784
864 9 694
176 8 527
339 8 527
906 8 376
300 9 784
123 8 456
646 2 731
167 9 939
556 2 632
758 8 43
806 8 85
345 9 694
806 8 444
107 5 96
345 9 451
806 8 81
59 8 287
722 5 181
806 8 328
206 9 451
206 9 694
107 5 402
906 8 350
107 5 341
906 8 110
646 2 501
646 2 744
518 9 694
910 8 527
712 4 329
518 9 451
712 4 693
199 4 574
791 4 924
597 2 944
712 4 574
139 8 456
445 8 485
199 4 693
646 2 632
722 5 402
556 2 731
357 9 451
556 2 975
357 9 694
180 9 283
528 9 856
107 5 578
568 0 593
568 0 230
769 2 632
646 2 975
405 8 485
270 9 856
906 8 243
568 0 356
806 8 987
371 9 68
906 8 81
646 2 78
906 8 85
646 2 76
371 9 694
722 5 96
371 9 451
107 5 469
769 2 35
556 2 501
556 2 744
615 4 644
185 9 68
347 9 283
118 9 391
339 8 287
769 2 744
556 2 949
593 9 784
769 2 501
556 2 944
185 9 283
864 9 939
568 0 326
891 8 85
568 0 324
160 5 368
891 8 81
806 8 516
758 8 81
206 9 784
806 8 517
160 5 96
646 2 43
290 9 283
722 5 303
949 8 287
758 8 85
769 2 43
766 9 939
769 2 731
906 8 341
769 2 975
118 9 283
907 8 456
518 9 784
160 5 375
597 2 949
806 8 887
568 0 455
868 9 856
712 4 322
290 9 391
906 8 65
895 8 287
722 5 776
101 9 939
357 9 243
722 5 659
180 9 391
568 0 261
347 9 243
347 9 128
518 9 135
891 8 65
300 9 283
646 2 669
884 2 731
445 8 287
160 5 181
597 2 744
884 2 975
597 2 501
270 9 939
646 2 553
791 4 963
646 2 797
615 4 730
371 9 784
907 8 527
185 9 391
568 0 393
518 9 128
895 8 456
568 0 150
910 8 456
199 4 66
518 9 243
906 8 444
791 4 706
176 8 287
199 4 145
712 4 145
597 2 975
906 8 328
597 2 731
646 2 422
528 9 784
155 4 270
769 2 78
769 2 76
139 8 527
615 4 963
568 0 362
864 9 856
339 8 485
769 2 944
357 9 784
906 8 655
891 8 43
646 2 326
185 9 243
769 2 949
185 9 128
884 2 949
345 9 283
405 8 456
806 8 717
615 4 638
646 2 331
646 2 454
199 4 270
722 5 469
593 9 856
646 2 213
347 9 391
949 8 485
155 4 145
347 9 135
906 8 780
107 5 375
300 9 391
722 5 341
185 9 135
906 8 426
123 8 287
568 0 259
806 8 600
568 0 254
568 0 497
868 9 939
806 8 729
101 9 856
597 2 632
884 2 944
895 8 485
722 5 578
206 9 856
107 5 368
910 8 485
907 8 287
895 8 527
290 9 68
107 5 181
357 9 68
593 9 283
712 4 963
160 5 303
597 2 669
646 2 351
556 2 35
906 8 516
528 9 451
528 9 694
597 2 422
906 8 517
568 0 615
769 2 371
769 2 493
345 9 939
390 8 287
646 2 590
199 4 730
180 9 694
568 0 990
180 9 451
405 8 527
769 2 358
758 8 600
646 2 457
568 0 998
445 8 527
290 9 694
593 9 391
906 8 887
290 9 451
712 4 730
518 9 283
891 8 279
891 8 158
615 4 924
646 2 464
949 8 456
646 2 104
891 8 394
891 8 395
891 8 153
118 9 451
758 8 729
556 2 43
118 9 694
769 2 104
758 8 717
568 0 95
712 4 706
180 9 784
884 2 35
160 5 402
518 9 391
646 2 493
884 2 632
371 9 283
597 2 326
568 0 956
769 2 590
206 9 68
118 9 784
769 2 351
300 9 68
345 9 68
646 2 371
769 2 213
868 9 451
593 9 135
160 5 659
769 2 457
206 9 939
185 9 451
199 4 638
868 9 694
646 2 358
906 8 987
597 2 35
185 9 694
160 5 776
371 9 391
615 4 706
568 0 607
766 9 784
884 2 744
568 0 969
884 2 501
597 2 797
891 8 376
59 8 527
597 2 553
155 4 693
199 4 644
155 4 574
769 2 464
593 9 243
180 9 243
910 8 287
357 9 128
907 8 485
769 2 326
167 9 283
758 8 655
593 9 128
118 9 68
568 0 667
160 5 341
185 9 784
180 9 128
712 4 644
160 5 469
155 4 322
884 2 454
906 8 717
556 2 78
884 2 213
891 8 243
884 2 457
597 2 104
118 9 128
155 4 329
528 9 135
597 2 464
722 5 962
390 8 485
769 2 331
769 2 454
884 2 331
722 5 965
646 2 152
556 2 76
118 9 243
769 2 797
357 9 135
180 9 135
766 9 68
758 8 887
906 8 600
568 0 677
290 9 135
884 2 43
528 9 391
906 8 729
646 2 386
891 8 110
884 2 326
597 2 457
646 2 267
568 0 548
597 2 213
597 2 454
371 9 135
597 2 331
118 9 135
891 8 350
593 9 68
290 9 128
769 2 422
758 8 516
758 8 517
769 2 669
868 9 784
568 0 403
568 0 525
290 9 243
949 8 527
884 2 76
445 8 456
884 2 78
884 2 553
884 2 797
891 8 341
167 9 68
371 9 243
766 9 856
722 5 743
371 9 128
180 9 68
357 9 391
769 2 553
593 9 694
593 9 451
758 8 987
722 5 980
568 0 415
712 4 638
167 9 391
891 8 328
160 5 578
884 2 422
568 0 528
597 2 358
568 0 408
528 9 243
492 8 287
884 2 669
199 4 329
542 8 527
597 2 351
528 9 128
199 4 322
597 2 590
357 9 283
167 9 243
868 9 283
155 4 638
101 9 135
891 8 444
155 4 644
101 9 128
185 9 856
597 2 267
597 2 386
884 2 371
884 2 493
290 9 856
167 9 135
758 8 328
758 8 444
180 9 856
864 9 243
891 8 426
101 9 243
864 9 128
766 9 243
766 9 128
118 9 856
345 9 784
597 2 493
597 2 371
167 9 128
542 8 287
101 9 391
568 0 16
270 9 68
864 9 135
556 2 152
180 9 939
766 9 135
123 8 527
884 2 358
300 9 856
891 8 780
884 2 590
884 2 351
758 8 426
766 9 391
347 9 856
59 8 485
758 8 780
155 4 730
884 2 464
528 9 283
891 8 655
884 2 104
864 9 391
492 8 485
390 8 456
791 4 574
791 4 693
597 2 152
199 4 924
868 9 243
806 8 376
160 5 980
868 9 128
758 8 376
712 4 924
597 2 43
290 9 784
891 8 516
891 8 517
160 5 743
556 2 371
518 9 68
345 9 856
155 4 963
556 2 493
891 8 887
390 8 527
864 9 283
185 9 939
492 8 456
518 9 939
542 8 456
270 9 135
791 4 270
167 9 694
347 9 68
167 9 451
101 9 283
155 4 706
891 8 987
758 8 243
568 0 827
568 0 945
556 2 386
556 2 267
160 5 965
542 8 485
167 9 784
806 8 394
199 4 706
806 8 395
806 8 153
270 9 283
101 9 68
806 8 279
806 8 158
758 8 110
160 5 962
528 9 68
758 8 350
59 8 456
556 2 590
766 9 694
766 9 451
556 2 351
568 0 911
300 9 939
791 4 145
556 2 358
769 2 152
868 9 391
884 2 152
868 9 135
155 4 924
891 8 729
597 2 78
758 8 341
597 2 76
347 9 939
884 2 267
270 9 391
769 2 386
199 4 963
769 2 267
884 2 386
--------------------------------------
791 4 66
722 5 375
962 5 733
300 9 243
557 5 504
891 8 600
791 4 644
345 9 135
556 2 213
722 5 368
556 2 457
347 9 451
999 5 657
556 2 454
270 9 694
270 9 451
806 8 65
806 8 341
560 5 939
975 5 2
962 5 504
345 9 391
560 5 17
20 5 657
791 4 638
557 5 998
556 2 464
371 9 856
975 5 733
270 9 243
806 8 350
556 2 669
806 8 110
758 8 279
206 9 391
984 5 585
984 5 342
868 9 68
20 5 445
712 4 270
20 5 444
593 9 939
615 4 270
347 9 694
806 8 43
339 8 456
123 8 485
864 9 784
206 9 135
345 9 128
557 5 733
329 5 939
492 8 527
646 2 949
723 5 822
962 5 535
646 2 944
101 9 451
101 9 694
766 9 283
906 8 279
560 5 998
758 8 65
107 5 659
206 9 128
615 4 693
806 8 780
357 9 939
300 9 694
300 9 451
329 5 998
560 5 504
975 5 939
556 2 422
999 5 444
999 5 445
128 5 657
176 8 527
962 5 998
123 8 456
560 5 733
984 5 535
646 2 731
167 9 939
999 5 233
556 2 632
758 8 43
329 5 504
984 5 2
806 8 85
107 5 96
806 8 81
59 8 287
722 5 181
806 8 328
329 5 733
107 5 402
557 5 939
646 2 501
646 2 744
910 8 527
712 4 693
199 4 574
445 8 485
128 5 2
528 9 856
568 0 593
646 2 975
270 9 856
906 8 243
568 0 356
806 8 987
371 9 694
722 5 96
371 9 451
107 5 469
20 5 251
615 4 644
347 9 283
118 9 391
339 8 287
769 2 744
593 9 784
769 2 501
864 9 939
568 0 326
891 8 85
568 0 324
160 5 368
891 8 81
806 8 516
758 8 81
206 9 784
806 8 517
560 5 535
722 5 303
20 5 285
949 8 287
758 8 85
766 9 939
769 2 731
769 2 975
984 5 193
518 9 784
160 5 375
557 5 342
557 5 585
329 5 535
290 9 391
722 5 776
180 9 391
999 5 822
962 5 939
347 9 243
518 9 135
891 8 65
300 9 283
445 8 287
160 5 181
646 2 553
646 2 797
907 8 527
185 9 391
568 0 393
518 9 128
723 5 657
568 0 150
199 4 66
906 8 444
199 4 145
155 4 270
560 5 585
139 8 527
560 5 342
568 0 362
723 5 444
339 8 485
723 5 445
769 2 944
357 9 784
906 8 655
891 8 43
646 2 326
769 2 949
185 9 128
984 5 144
557 5 2
806 8 717
615 4 638
646 2 331
329 5 585
329 5 342
949 8 485
128 5 822
722 5 341
185 9 135
906 8 426
123 8 287
868 9 939
806 8 729
101 9 856
597 2 632
557 5 535
722 5 578
20 5 233
910 8 485
107 5 181
357 9 68
593 9 283
160 5 303
556 2 35
528 9 451
528 9 694
962 5 55
769 2 371
390 8 287
723 5 233
199 4 730
568 0 990
769 2 358
557 5 17
646 2 457
723 5 76
568 0 998
445 8 527
906 8 887
891 8 279
615 4 924
646 2 464
723 5 2
758 8 729
556 2 43
560 5 144
769 2 104
758 8 717
180 9 784
128 5 17
518 9 391
646 2 493
962 5 285
884 2 632
371 9 283
597 2 326
329 5 144
568 0 956
769 2 590
206 9 68
118 9 784
769 2 351
723 5 251
300 9 68
160 5 776
615 4 706
128 5 193
568 0 969
597 2 797
597 2 553
155 4 693
593 9 243
910 8 287
769 2 326
560 5 193
20 5 193
118 9 68
160 5 341
185 9 784
180 9 128
712 4 644
128 5 76
884 2 454
556 2 78
884 2 213
891 8 243
884 2 457
597 2 104
118 9 128
999 5 55
722 5 962
390 8 485
769 2 331
962 5 17
722 5 965
556 2 76
769 2 797
975 5 144
180 9 135
766 9 68
906 8 600
290 9 135
557 5 285
646 2 267
975 5 76
568 0 548
597 2 331
118 9 135
593 9 68
290 9 128
758 8 516
758 8 517
868 9 784
128 5 55
568 0 525
949 8 527
329 5 193
557 5 251
999 5 76
167 9 68
371 9 243
766 9 856
722 5 743
180 9 68
769 2 553
593 9 694
593 9 451
758 8 987
722 5 980
712 4 638
167 9 391
160 5 578
975 5 55
884 2 422
568 0 528
597 2 358
528 9 243
884 2 669
199 4 329
597 2 351
723 5 285
199 4 322
597 2 590
357 9 283
155 4 638
891 8 444
20 5 822
155 4 644
597 2 386
884 2 493
999 5 17
975 5 342
975 5 585
167 9 135
999 5 251
758 8 328
891 8 426
101 9 243
864 9 128
766 9 243
962 5 233
597 2 371
167 9 128
542 8 287
999 5 285
864 9 135
180 9 939
962 5 445
962 5 444
128 5 585
128 5 342
723 5 17
347 9 856
59 8 485
557 5 76
758 8 780
884 2 464
528 9 283
891 8 655
864 9 391
390 8 456
791 4 693
597 2 152
199 4 924
160 5 980
868 9 128
560 5 76
758 8 376
290 9 784
160 5 743
345 9 856
556 2 493
891 8 887
185 9 939
542 8 456
270 9 135
791 4 270
347 9 68
101 9 283
557 5 55
568 0 945
556 2 267
975 5 535
160 5 965
542 8 485
167 9 784
199 4 706
101 9 68
806 8 279
758 8 110
160 5 962
758 8 350
560 5 55
59 8 456
766 9 694
766 9 451
962 5 76
568 0 911
300 9 939
975 5 504
769 2 152
128 5 144
868 9 391
868 9 135
723 5 55
758 8 341
884 2 267
962 5 251
984 5 822
270 9 391
975 5 998
769 2 386
199 4 963
518 9 856
107 5 980
891 8 717
556 2 331
999 5 535
357 9 856
206 9 283
712 4 66
984 5 17
300 9 135
984 5 251
176 8 485
300 9 128
20 5 535
560 5 822
139 8 287
556 2 104
999 5 2
107 5 743
128 5 733
758 8 158
345 9 243
270 9 128
758 8 394
758 8 395
758 8 153
329 5 822
176 8 456
155 4 66
975 5 822
556 2 797
167 9 856
556 2 553
128 5 504
806 8 243
984 5 233
615 4 66
101 9 784
791 4 730
107 5 965
615 4 145
556 2 326
107 5 962
906 8 394
270 9 784
128 5 998
906 8 395
906 8 153
528 9 939
371 9 939
999 5 342
984 5 445
984 5 444
962 5 657
806 8 655
906 8 158
557 5 822
791 4 329
206 9 243
20 5 504
864 9 68
290 9 939
791 4 322
615 4 574
107 5 776
984 5 55
329 5 76
405 8 287
118 9 939
723 5 939
806 8 426
20 5 733
615 4 329
864 9 451
139 8 485
906 8 43
615 4 322
646 2 35
107 5 303
347 9 784
128 5 535
864 9 694
339 8 527
906 8 376
300 9 784
984 5 657
984 5 76
329 5 55
345 9 694
806 8 444
345 9 451
20 5 998
206 9 451
206 9 694
999 5 585
906 8 350
107 5 341
906 8 110
723 5 504
518 9 694
712 4 329
518 9 451
557 5 233
791 4 924
597 2 944
329 5 445
712 4 574
139 8 456
199 4 693
999 5 939
329 5 444
646 2 632
722 5 402
556 2 731
357 9 451
556 2 975
357 9 694
180 9 283
107 5 578
20 5 144
568 0 230
769 2 632
723 5 733
405 8 485
371 9 68
906 8 81
646 2 78
906 8 85
646 2 76
769 2 35
556 2 501
556 2 744
185 9 68
556 2 949
556 2 944
185 9 283
160 5 96
557 5 445
557 5 444
646 2 43
290 9 283
560 5 657
769 2 43
906 8 341
118 9 283
723 5 998
329 5 17
907 8 456
597 2 949
806 8 887
568 0 455
868 9 856
329 5 657
712 4 322
906 8 65
895 8 287
101 9 939
357 9 243
975 5 17
722 5 659
568 0 261
347 9 128
329 5 251
646 2 669
984 5 285
884 2 731
597 2 744
884 2 975
597 2 501
270 9 939
791 4 963
615 4 730
371 9 784
560 5 233
999 5 733
20 5 585
20 5 342
895 8 456
910 8 456
723 5 535
518 9 243
962 5 822
791 4 706
176 8 287
712 4 145
597 2 975
329 5 233
906 8 328
597 2 731
646 2 422
528 9 784
769 2 78
769 2 76
615 4 963
864 9 856
329 5 2
185 9 243
975 5 193
884 2 949
345 9 283
128 5 939
405 8 456
646 2 454
199 4 270
722 5 469
593 9 856
646 2 213
347 9 391
999 5 998
155 4 145
347 9 135
906 8 780
107 5 375
300 9 391
568 0 259
806 8 600
568 0 254
568 0 497
557 5 657
560 5 444
560 5 445
884 2 944
895 8 485
206 9 856
107 5 368
999 5 504
907 8 287
557 5 193
895 8 527
290 9 68
712 4 963
597 2 669
646 2 351
906 8 516
597 2 422
906 8 517
568 0 615
769 2 493
345 9 939
128 5 285
646 2 590
180 9 694
180 9 451
405 8 527
20 5 2
758 8 600
20 5 17
290 9 694
593 9 391
290 9 451
329 5 285
712 4 730
518 9 283
891 8 158
949 8 456
646 2 104
891 8 394
891 8 395
891 8 153
118 9 451
962 5 193
723 5 585
118 9 694
723 5 342
568 0 95
712 4 706
884 2 35
160 5 402
560 5 251
345 9 68
646 2 371
769 2 213
868 9 451
593 9 135
160 5 659
769 2 457
206 9 939
185 9 451
199 4 638
868 9 694
975 5 285
646 2 358
906 8 987
597 2 35
185 9 694
371 9 391
568 0 607
766 9 784
884 2 744
884 2 501
891 8 376
59 8 527
199 4 644
155 4 574
769 2 464
180 9 243
357 9 128
907 8 485
167 9 283
758 8 655
593 9 128
975 5 251
568 0 667
160 5 469
155 4 322
906 8 717
155 4 329
528 9 135
597 2 464
769 2 454
884 2 331
646 2 152
118 9 243
357 9 135
758 8 887
568 0 677
884 2 43
528 9 391
906 8 729
646 2 386
891 8 110
884 2 326
597 2 457
597 2 213
597 2 454
371 9 135
891 8 350
723 5 144
769 2 422
975 5 233
769 2 669
568 0 403
290 9 243
884 2 76
445 8 456
884 2 78
884 2 553
884 2 797
891 8 341
371 9 128
357 9 391
557 5 144
568 0 415
891 8 328
568 0 408
492 8 287
560 5 285
542 8 527
528 9 128
167 9 243
868 9 283
999 5 144
101 9 135
101 9 128
962 5 342
185 9 856
962 5 585
984 5 998
597 2 267
723 5 193
884 2 371
975 5 444
975 5 445
290 9 856
962 5 2
128 5 444
128 5 445
758 8 444
180 9 856
864 9 243
20 5 939
766 9 128
118 9 856
345 9 784
597 2 493
101 9 391
568 0 16
270 9 68
556 2 152
766 9 135
123 8 527
884 2 358
300 9 856
984 5 733
891 8 780
884 2 590
884 2 351
758 8 426
766 9 391
155 4 730
884 2 104
984 5 504
492 8 485
128 5 233
791 4 574
868 9 243
806 8 376
712 4 924
597 2 43
891 8 516
891 8 517
556 2 371
518 9 68
155 4 963
390 8 527
962 5 144
864 9 283
560 5 2
492 8 456
518 9 939
167 9 694
167 9 451
155 4 706
891 8 987
758 8 243
568 0 827
20 5 55
975 5 657
128 5 251
556 2 386
806 8 394
806 8 395
806 8 153
270 9 283
806 8 158
528 9 68
556 2 590
556 2 351
791 4 145
556 2 358
884 2 152
984 5 939
999 5 193
155 4 924
891 8 729
597 2 78
597 2 76
347 9 939
20 5 76
769 2 267
884 2 386
--------------------------------------
791 4 66
722 5 375
962 5 733
300 9 243
557 5 504
954 3 905
348 3 46
891 8 600
275 3 187
949 3 640
791 4 644
345 9 135
556 2 213
722 5 368
556 2 457
347 9 451
999 5 657
556 2 454
760 3 597
548 3 267
270 9 694
270 9 451
613 3 165
760 3 592
806 8 65
806 8 341
560 5 939
975 5 2
962 5 504
345 9 391
560 5 17
20 5 657
791 4 638
557 5 998
208 3 165
757 3 165
556 2 464
371 9 856
348 3 56
975 5 733
270 9 243
806 8 350
556 2 669
806 8 110
758 8 279
206 9 391
984 5 585
984 5 342
868 9 68
275 3 165
20 5 445
712 4 270
20 5 444
949 3 427
593 9 939
348 3 809
615 4 270
347 9 694
806 8 43
339 8 456
123 8 485
864 9 784
206 9 135
345 9 128
557 5 733
329 5 939
348 3 73
492 8 527
646 2 949
613 3 597
760 3 541
490 3 165
723 5 822
613 3 592
962 5 535
348 3 830
646 2 944
101 9 451
190 3 187
101 9 694
766 9 283
906 8 279
560 5 998
758 8 65
107 5 659
954 3 37
206 9 128
548 3 224
954 3 705
760 3 794
615 4 693
728 3 165
806 8 780
357 9 939
300 9 694
728 3 73
300 9 451
949 3 830
329 5 998
560 5 504
975 5 939
556 2 422
954 3 952
999 5 444
999 5 445
128 5 657
490 3 187
176 8 527
962 5 998
190 3 165
123 8 456
728 3 46
560 5 733
984 5 535
646 2 731
167 9 939
999 5 233
556 2 632
758 8 43
954 3 723
329 5 504
760 3 773
760 3 531
984 5 2
728 3 187
806 8 85
107 5 96
806 8 81
59 8 287
722 5 181
806 8 328
275 3 592
208 3 187
329 5 733
728 3 56
275 3 597
757 3 187
107 5 402
557 5 939
548 3 674
613 3 794
760 3 187
949 3 809
455 3 73
646 2 501
646 2 744
910 8 527
774 3 830
712 4 693
199 4 574
445 8 485
128 5 2
548 3 427
757 3 794
528 9 856
490 3 592
190 3 73
646 2 975
270 9 856
906 8 243
806 8 987
348 3 187
728 3 809
371 9 694
728 3 37
722 5 96
371 9 451
107 5 469
20 5 251
490 3 597
615 4 644
347 9 283
118 9 391
613 3 773
613 3 531
339 8 287
769 2 744
593 9 784
769 2 501
760 3 165
864 9 939
891 8 85
160 5 368
891 8 81
806 8 516
758 8 81
206 9 784
806 8 517
560 5 535
208 3 794
455 3 723
722 5 303
20 5 285
774 3 809
949 8 287
758 8 85
548 3 688
190 3 809
757 3 773
766 9 939
757 3 531
769 2 731
769 2 975
984 5 193
613 3 541
518 9 784
160 5 375
557 5 342
557 5 585
455 3 705
208 3 773
208 3 531
329 5 535
208 3 541
290 9 391
275 3 794
455 3 952
722 5 776
180 9 391
999 5 822
757 3 541
962 5 939
347 9 243
613 3 56
518 9 135
891 8 65
300 9 283
455 3 37
445 8 287
160 5 181
275 3 541
646 2 553
646 2 797
907 8 527
757 3 592
757 3 597
613 3 742
185 9 391
518 9 128
723 5 657
613 3 46
199 4 66
774 3 640
208 3 597
906 8 444
199 4 145
275 3 773
275 3 531
155 4 270
613 3 758
560 5 585
490 3 794
139 8 527
560 5 342
723 5 444
339 8 485
723 5 445
769 2 944
357 9 784
906 8 655
891 8 43
455 3 56
646 2 326
769 2 949
613 3 37
185 9 128
984 5 144
557 5 2
806 8 717
615 4 638
646 2 331
329 5 585
329 5 342
208 3 592
949 8 485
613 3 723
548 3 640
128 5 822
722 5 341
185 9 135
455 3 46
906 8 426
123 8 287
455 3 905
868 9 939
806 8 729
101 9 856
597 2 632
557 5 535
722 5 578
275 3 758
20 5 233
910 8 485
954 3 592
954 3 597
348 3 597
208 3 723
107 5 181
357 9 68
757 3 705
774 3 674
593 9 283
348 3 592
190 3 541
160 5 303
774 3 427
455 3 541
556 2 35
528 9 451
528 9 694
962 5 55
769 2 371
613 3 705
275 3 742
548 3 46
390 8 287
723 5 233
199 4 730
757 3 952
769 2 358
557 5 17
728 3 640
646 2 457
723 5 76
445 8 527
906 8 887
774 3 688
190 3 773
190 3 531
208 3 952
891 8 279
455 3 773
455 3 531
615 4 924
646 2 464
490 3 758
723 5 2
548 3 56
758 8 729
613 3 952
556 2 43
560 5 144
769 2 104
758 8 717
208 3 705
180 9 784
128 5 17
518 9 391
646 2 493
962 5 285
884 2 632
371 9 283
597 2 326
329 5 144
769 2 590
206 9 68
118 9 784
769 2 351
723 5 251
275 3 723
300 9 68
490 3 541
728 3 427
160 5 776
615 4 706
128 5 193
455 3 794
548 3 37
597 2 797
190 3 758
597 2 553
275 3 952
155 4 693
490 3 773
490 3 531
548 3 830
593 9 243
910 8 287
728 3 830
769 2 326
757 3 742
560 5 193
20 5 193
118 9 68
160 5 341
185 9 784
760 3 56
180 9 128
712 4 644
128 5 76
884 2 454
190 3 742
556 2 78
884 2 213
455 3 742
891 8 243
884 2 457
597 2 104
118 9 128
613 3 905
999 5 55
722 5 962
490 3 723
390 8 485
769 2 331
962 5 17
275 3 705
722 5 965
556 2 76
769 2 797
975 5 144
954 3 165
757 3 758
180 9 135
766 9 68
906 8 600
760 3 46
208 3 758
290 9 135
557 5 285
760 3 37
646 2 267
975 5 76
597 2 331
118 9 135
490 3 952
593 9 68
290 9 128
758 8 516
758 8 517
868 9 784
757 3 723
128 5 55
455 3 758
949 8 527
760 3 73
208 3 742
329 5 193
557 5 251
548 3 809
190 3 723
999 5 76
167 9 68
371 9 243
766 9 856
722 5 743
180 9 68
769 2 553
490 3 742
593 9 694
275 3 905
593 9 451
954 3 187
758 8 987
722 5 980
774 3 224
712 4 638
167 9 391
160 5 578
348 3 165
190 3 952
975 5 55
884 2 422
597 2 358
528 9 243
884 2 669
199 4 329
597 2 351
723 5 285
199 4 322
597 2 590
357 9 283
155 4 638
891 8 444
20 5 822
155 4 644
949 3 56
954 3 742
597 2 386
884 2 493
999 5 17
975 5 342
975 5 585
167 9 135
999 5 251
758 8 328
348 3 742
891 8 426
101 9 243
864 9 128
766 9 243
962 5 233
597 2 371
954 3 758
167 9 128
542 8 287
999 5 285
954 3 773
954 3 531
348 3 773
348 3 531
864 9 135
949 3 73
180 9 939
949 3 267
962 5 445
962 5 444
490 3 705
128 5 585
128 5 342
455 3 165
723 5 17
954 3 541
728 3 267
190 3 592
347 9 856
774 3 267
59 8 485
557 5 76
190 3 597
758 8 780
884 2 464
528 9 283
348 3 758
891 8 655
864 9 391
390 8 456
791 4 693
597 2 152
954 3 794
199 4 924
728 3 674
160 5 980
868 9 128
757 3 905
560 5 76
348 3 794
758 8 376
290 9 784
160 5 743
345 9 856
949 3 688
556 2 493
891 8 887
185 9 939
542 8 456
270 9 135
791 4 270
548 3 187
728 3 688
347 9 68
101 9 283
348 3 541
557 5 55
760 3 830
949 3 674
556 2 267
975 5 535
160 5 965
542 8 485
167 9 784
199 4 706
208 3 905
101 9 68
806 8 279
758 8 110
160 5 962
758 8 350
560 5 55
59 8 456
766 9 694
766 9 451
490 3 905
949 3 224
962 5 76
300 9 939
975 5 504
769 2 152
128 5 144
868 9 391
728 3 224
868 9 135
723 5 55
758 8 341
190 3 794
884 2 267
962 5 251
455 3 597
760 3 809
348 3 37
984 5 822
270 9 391
975 5 998
769 2 386
199 4 963
455 3 592
518 9 856
107 5 980
891 8 717
760 3 224
556 2 331
999 5 535
348 3 905
357 9 856
206 9 283
712 4 66
984 5 17
300 9 135
984 5 251
176 8 485
300 9 128
20 5 535
560 5 822
139 8 287
556 2 104
999 5 2
949 3 758
107 5 743
128 5 733
758 8 158
345 9 243
270 9 128
208 3 267
760 3 688
758 8 394
758 8 395
758 8 153
757 3 73
329 5 822
176 8 456
155 4 66
954 3 809
949 3 541
975 5 822
774 3 73
556 2 797
167 9 856
556 2 553
613 3 267
548 3 165
128 5 504
806 8 243
984 5 233
615 4 66
101 9 784
949 3 773
949 3 531
791 4 730
107 5 965
615 4 145
556 2 326
757 3 267
107 5 962
906 8 394
270 9 784
548 3 597
128 5 998
906 8 395
906 8 153
528 9 939
371 9 939
548 3 592
999 5 342
984 5 445
984 5 444
760 3 427
962 5 657
806 8 655
906 8 158
557 5 822
791 4 329
348 3 705
774 3 905
757 3 56
206 9 243
20 5 504
275 3 267
864 9 68
290 9 939
791 4 322
615 4 574
107 5 776
455 3 187
949 3 723
760 3 674
984 5 55
329 5 76
405 8 287
118 9 939
723 5 939
806 8 426
20 5 733
949 3 952
615 4 329
864 9 451
139 8 485
906 8 43
954 3 830
615 4 322
646 2 35
107 5 303
347 9 784
760 3 640
128 5 535
864 9 694
339 8 527
906 8 376
300 9 784
949 3 742
984 5 657
949 3 37
348 3 723
757 3 37
613 3 688
613 3 224
984 5 76
329 5 55
345 9 694
806 8 444
345 9 451
20 5 998
949 3 46
206 9 451
348 3 952
206 9 694
757 3 46
999 5 585
906 8 350
107 5 341
548 3 794
613 3 674
906 8 110
757 3 427
723 5 504
518 9 694
712 4 329
518 9 451
557 5 233
774 3 952
208 3 688
791 4 924
597 2 944
329 5 445
712 4 574
774 3 705
139 8 456
199 4 693
999 5 939
329 5 444
275 3 224
646 2 632
190 3 705
722 5 402
556 2 731
357 9 451
556 2 975
357 9 694
613 3 427
180 9 283
107 5 578
757 3 674
20 5 144
769 2 632
548 3 541
455 3 809
723 5 733
405 8 485
208 3 674
774 3 723
371 9 68
906 8 81
646 2 78
906 8 85
646 2 76
769 2 35
556 2 501
556 2 744
185 9 68
556 2 949
556 2 944
185 9 283
208 3 427
160 5 96
557 5 445
557 5 444
646 2 43
290 9 283
560 5 657
275 3 688
949 3 705
769 2 43
490 3 267
906 8 341
118 9 283
723 5 998
329 5 17
907 8 456
728 3 705
597 2 949
806 8 887
868 9 856
329 5 657
712 4 322
455 3 830
275 3 674
906 8 65
895 8 287
101 9 939
357 9 243
975 5 17
722 5 659
760 3 267
757 3 224
347 9 128
329 5 251
646 2 669
984 5 285
884 2 731
597 2 744
884 2 975
597 2 501
270 9 939
791 4 963
774 3 56
615 4 730
371 9 784
490 3 688
190 3 905
560 5 233
999 5 733
275 3 427
20 5 585
20 5 342
548 3 742
613 3 640
895 8 456
910 8 456
723 5 535
518 9 243
962 5 822
791 4 706
176 8 287
774 3 758
712 4 145
597 2 975
329 5 233
906 8 328
597 2 731
646 2 422
774 3 46
528 9 784
769 2 78
769 2 76
490 3 674
615 4 963
864 9 856
548 3 773
548 3 531
329 5 2
757 3 688
185 9 243
975 5 193
884 2 949
345 9 283
128 5 939
208 3 224
405 8 456
774 3 37
275 3 640
646 2 454
199 4 270
722 5 469
593 9 856
646 2 213
347 9 391
949 3 905
999 5 998
155 4 145
490 3 224
347 9 135
906 8 780
107 5 375
300 9 391
728 3 905
806 8 600
774 3 742
557 5 657
560 5 444
560 5 445
884 2 944
895 8 485
548 3 758
548 3 73
206 9 856
107 5 368
999 5 504
208 3 73
907 8 287
557 5 193
895 8 527
290 9 68
774 3 794
712 4 963
728 3 758
597 2 669
646 2 351
906 8 516
190 3 427
597 2 422
548 3 705
906 8 517
769 2 493
345 9 939
128 5 285
490 3 640
646 2 590
180 9 694
180 9 451
405 8 527
20 5 2
757 3 830
758 8 600
20 5 17
290 9 694
593 9 391
290 9 451
329 5 285
348 3 224
712 4 730
518 9 283
208 3 830
891 8 158
760 3 905
949 8 456
646 2 104
891 8 394
891 8 395
891 8 153
118 9 451
962 5 193
723 5 585
118 9 694
723 5 342
613 3 830
613 3 73
712 4 706
728 3 773
728 3 531
884 2 35
774 3 773
774 3 531
190 3 640
160 5 402
757 3 809
613 3 809
455 3 688
560 5 251
548 3 723
490 3 427
345 9 68
490 3 73
646 2 371
769 2 213
868 9 451
593 9 135
160 5 659
769 2 457
206 9 939
185 9 451
199 4 638
868 9 694
728 3 541
954 3 267
975 5 285
646 2 358
774 3 541
455 3 427
906 8 987
597 2 35
185 9 694
371 9 391
766 9 784
455 3 674
884 2 744
884 2 501
891 8 376
59 8 527
275 3 830
548 3 952
199 4 644
155 4 574
769 2 464
180 9 243
357 9 128
907 8 485
275 3 56
728 3 952
774 3 592
167 9 283
758 8 655
593 9 128
975 5 251
490 3 46
190 3 46
774 3 597
160 5 469
155 4 322
906 8 717
548 3 905
155 4 329
528 9 135
949 3 165
597 2 464
208 3 37
769 2 454
884 2 331
646 2 152
118 9 243
490 3 56
275 3 46
357 9 135
275 3 809
758 8 887
348 3 267
190 3 37
728 3 723
884 2 43
528 9 391
906 8 729
646 2 386
208 3 640
891 8 110
884 2 326
597 2 457
597 2 213
597 2 454
371 9 135
891 8 350
208 3 46
275 3 37
490 3 830
723 5 144
757 3 640
769 2 422
975 5 233
769 2 669
275 3 73
290 9 243
884 2 76
445 8 456
884 2 78
884 2 553
455 3 640
884 2 797
891 8 341
949 3 187
208 3 56
371 9 128
357 9 391
728 3 742
490 3 37
190 3 56
557 5 144
891 8 328
190 3 830
492 8 287
560 5 285
542 8 527
528 9 128
167 9 243
868 9 283
999 5 144
728 3 597
101 9 135
760 3 742
190 3 267
101 9 128
962 5 342
455 3 267
490 3 809
954 3 73
185 9 856
962 5 585
984 5 998
597 2 267
723 5 193
884 2 371
975 5 444
975 5 445
290 9 856
962 5 2
954 3 640
128 5 444
774 3 165
128 5 445
758 8 444
180 9 856
864 9 243
20 5 939
760 3 758
949 3 597
766 9 128
118 9 856
345 9 784
597 2 493
101 9 391
270 9 68
760 3 723
556 2 152
766 9 135
123 8 527
884 2 358
954 3 56
300 9 856
984 5 733
891 8 780
884 2 590
884 2 351
758 8 426
348 3 640
766 9 391
155 4 730
884 2 104
984 5 504
954 3 46
492 8 485
128 5 233
791 4 574
208 3 809
868 9 243
728 3 794
954 3 674
806 8 376
348 3 674
712 4 924
597 2 43
891 8 516
891 8 517
190 3 224
556 2 371
518 9 68
155 4 963
390 8 527
962 5 144
455 3 224
864 9 283
560 5 2
348 3 427
492 8 456
518 9 939
954 3 427
167 9 694
167 9 451
155 4 706
891 8 987
758 8 243
760 3 952
949 3 794
20 5 55
760 3 705
975 5 657
128 5 251
556 2 386
806 8 394
806 8 395
806 8 153
270 9 283
949 3 592
806 8 158
528 9 68
556 2 590
190 3 688
556 2 351
348 3 688
954 3 688
791 4 145
556 2 358
884 2 152
984 5 939
999 5 193
613 3 187
774 3 187
954 3 224
155 4 924
891 8 729
597 2 78
597 2 76
347 9 939
190 3 674
20 5 76
728 3 592
769 2 267
884 2 386
--------------------------------------
791 4 66
859 9 251
722 5 375
962 5 733
300 9 243
557 5 504
954 3 905
348 3 46
891 8 600
275 3 187
949 3 640
791 4 644
345 9 135
722 5 368
347 9 451
999 5 657
760 3 597
548 3 267
869 9 302
270 9 694
270 9 451
613 3 165
760 3 592
806 8 65
806 8 341
560 5 939
975 5 2
962 5 504
345 9 391
560 5 17
20 5 657
791 4 638
557 5 998
208 3 165
757 3 165
371 9 856
348 3 56
975 5 733
270 9 243
806 8 350
806 8 110
758 8 279
206 9 391
775 9 965
984 5 585
984 5 342
868 9 68
275 3 165
20 5 445
712 4 270
20 5 444
949 3 427
593 9 939
348 3 809
615 4 270
347 9 694
806 8 43
864 9 784
206 9 135
345 9 128
557 5 733
329 5 939
348 3 73
613 3 597
760 3 541
490 3 165
723 5 822
613 3 592
962 5 535
348 3 830
101 9 451
190 3 187
101 9 694
766 9 283
906 8 279
560 5 998
758 8 65
107 5 659
954 3 37
206 9 128
548 3 224
954 3 705
760 3 794
615 4 693
728 3 165
806 8 780
357 9 939
300 9 694
728 3 73
300 9 451
949 3 830
329 5 998
560 5 504
975 5 939
954 3 952
999 5 444
999 5 445
128 5 657
490 3 187
962 5 998
190 3 165
728 3 46
560 5 733
984 5 535
167 9 939
999 5 233
758 8 43
954 3 723
329 5 504
760 3 773
760 3 531
984 5 2
728 3 187
806 8 85
107 5 96
806 8 81
722 5 181
806 8 328
275 3 592
208 3 187
329 5 733
728 3 56
275 3 597
757 3 187
107 5 402
557 5 939
548 3 674
613 3 794
760 3 187
949 3 809
455 3 73
774 3 830
712 4 693
199 4 574
128 5 2
548 3 427
757 3 794
528 9 856
490 3 592
190 3 73
270 9 856
906 8 243
806 8 987
348 3 187
461 9 251
728 3 809
371 9 694
728 3 37
722 5 96
371 9 451
107 5 469
20 5 251
490 3 597
615 4 644
347 9 283
118 9 391
613 3 773
613 3 531
593 9 784
760 3 165
864 9 939
891 8 85
160 5 368
891 8 81
806 8 516
758 8 81
206 9 784
806 8 517
560 5 535
208 3 794
455 3 723
722 5 303
20 5 285
774 3 809
758 8 85
548 3 688
190 3 809
757 3 773
766 9 939
757 3 531
984 5 193
613 3 541
869 9 965
518 9 784
160 5 375
557 5 342
557 5 585
455 3 705
208 3 773
208 3 531
859 9 424
329 5 535
208 3 541
290 9 391
275 3 794
455 3 952
722 5 776
180 9 391
999 5 822
757 3 541
962 5 939
347 9 243
613 3 56
518 9 135
891 8 65
300 9 283
455 3 37
160 5 181
275 3 541
757 3 592
757 3 597
613 3 742
185 9 391
518 9 128
723 5 657
613 3 46
199 4 66
774 3 640
208 3 597
906 8 444
199 4 145
275 3 773
275 3 531
155 4 270
613 3 758
560 5 585
490 3 794
590 9 424
560 5 342
723 5 444
723 5 445
357 9 784
906 8 655
891 8 43
455 3 56
613 3 37
185 9 128
984 5 144
557 5 2
806 8 717
615 4 638
329 5 585
329 5 342
208 3 592
613 3 723
548 3 640
128 5 822
722 5 341
185 9 135
455 3 46
906 8 426
455 3 905
868 9 939
806 8 729
101 9 856
557 5 535
722 5 578
275 3 758
20 5 233
954 3 592
954 3 597
348 3 597
208 3 723
107 5 181
357 9 68
757 3 705
774 3 674
593 9 283
348 3 592
190 3 541
160 5 303
774 3 427
455 3 541
528 9 451
528 9 694
962 5 55
613 3 705
275 3 742
548 3 46
723 5 233
199 4 730
757 3 952
557 5 17
728 3 640
723 5 76
906 8 887
774 3 688
190 3 773
190 3 531
208 3 952
891 8 279
455 3 773
455 3 531
615 4 924
490 3 758
723 5 2
548 3 56
758 8 729
613 3 952
560 5 144
758 8 717
208 3 705
180 9 784
128 5 17
518 9 391
962 5 285
371 9 283
329 5 144
206 9 68
118 9 784
723 5 251
275 3 723
300 9 68
490 3 541
555 9 339
728 3 427
160 5 776
615 4 706
128 5 193
455 3 794
548 3 37
190 3 758
275 3 952
155 4 693
490 3 773
490 3 531
548 3 830
593 9 243
728 3 830
757 3 742
560 5 193
20 5 193
118 9 68
160 5 341
185 9 784
760 3 56
180 9 128
712 4 644
128 5 76
190 3 742
455 3 742
891 8 243
118 9 128
590 9 251
613 3 905
999 5 55
722 5 962
490 3 723
962 5 17
275 3 705
722 5 965
975 5 144
954 3 165
757 3 758
180 9 135
766 9 68
906 8 600
760 3 46
208 3 758
290 9 135
557 5 285
760 3 37
975 5 76
118 9 135
490 3 952
593 9 68
290 9 128
758 8 516
758 8 517
868 9 784
757 3 723
128 5 55
455 3 758
760 3 73
208 3 742
329 5 193
557 5 251
548 3 809
190 3 723
999 5 76
167 9 68
371 9 243
766 9 856
722 5 743
461 9 302
180 9 68
490 3 742
593 9 694
275 3 905
593 9 451
954 3 187
617 9 339
758 8 987
722 5 980
774 3 224
712 4 638
167 9 391
160 5 578
348 3 165
190 3 952
975 5 55
528 9 243
199 4 329
723 5 285
199 4 322
357 9 283
617 9 302
155 4 638
775 9 302
891 8 444
20 5 822
155 4 644
949 3 56
954 3 742
999 5 17
975 5 342
975 5 585
167 9 135
999 5 251
758 8 328
348 3 742
891 8 426
101 9 243
864 9 128
766 9 243
962 5 233
954 3 758
167 9 128
999 5 285
954 3 773
954 3 531
555 9 965
348 3 773
348 3 531
864 9 135
949 3 73
180 9 939
949 3 267
962 5 445
962 5 444
490 3 705
128 5 585
128 5 342
455 3 165
723 5 17
954 3 541
728 3 267
190 3 592
347 9 856
774 3 267
775 9 339
557 5 76
190 3 597
758 8 780
528 9 283
348 3 758
891 8 655
864 9 391
791 4 693
555 9 302
954 3 794
869 9 339
199 4 924
728 3 674
160 5 980
868 9 128
757 3 905
560 5 76
348 3 794
758 8 376
290 9 784
160 5 743
345 9 856
949 3 688
891 8 887
185 9 939
270 9 135
791 4 270
548 3 187
728 3 688
347 9 68
461 9 965
101 9 283
348 3 541
557 5 55
760 3 830
949 3 674
975 5 535
617 9 965
160 5 965
167 9 784
199 4 706
208 3 905
101 9 68
806 8 279
758 8 110
160 5 962
758 8 350
560 5 55
766 9 694
766 9 451
490 3 905
949 3 224
962 5 76
300 9 939
975 5 504
128 5 144
868 9 391
728 3 224
868 9 135
723 5 55
758 8 341
190 3 794
962 5 251
455 3 597
760 3 809
348 3 37
984 5 822
270 9 391
975 5 998
199 4 963
455 3 592
518 9 856
107 5 980
891 8 717
760 3 224
999 5 535
348 3 905
869 9 424
357 9 856
206 9 283
712 4 66
984 5 17
300 9 135
984 5 251
300 9 128
20 5 535
560 5 822
999 5 2
949 3 758
107 5 743
128 5 733
758 8 158
345 9 243
270 9 128
208 3 267
760 3 688
758 8 394
758 8 395
758 8 153
757 3 73
329 5 822
155 4 66
954 3 809
949 3 541
975 5 822
774 3 73
167 9 856
613 3 267
548 3 165
128 5 504
806 8 243
984 5 233
615 4 66
101 9 784
949 3 773
949 3 531
791 4 730
107 5 965
615 4 145
757 3 267
107 5 962
906 8 394
270 9 784
548 3 597
128 5 998
906 8 395
906 8 153
528 9 939
371 9 939
548 3 592
999 5 342
984 5 445
984 5 444
859 9 339
760 3 427
962 5 657
806 8 655
906 8 158
557 5 822
791 4 329
348 3 705
774 3 905
757 3 56
206 9 243
20 5 504
275 3 267
864 9 68
290 9 939
791 4 322
615 4 574
107 5 776
455 3 187
949 3 723
760 3 674
984 5 55
329 5 76
118 9 939
723 5 939
806 8 426
20 5 733
949 3 952
615 4 329
864 9 451
906 8 43
954 3 830
615 4 322
107 5 303
347 9 784
760 3 640
128 5 535
864 9 694
906 8 376
300 9 784
949 3 742
984 5 657
949 3 37
348 3 723
757 3 37
613 3 688
613 3 224
984 5 76
329 5 55
345 9 694
806 8 444
345 9 451
20 5 998
949 3 46
206 9 451
348 3 952
206 9 694
757 3 46
999 5 585
906 8 350
107 5 341
548 3 794
613 3 674
906 8 110
757 3 427
723 5 504
518 9 694
712 4 329
518 9 451
557 5 233
774 3 952
208 3 688
791 4 924
329 5 445
712 4 574
774 3 705
199 4 693
999 5 939
329 5 444
275 3 224
190 3 705
722 5 402
357 9 451
357 9 694
613 3 427
180 9 283
107 5 578
757 3 674
20 5 144
548 3 541
455 3 809
723 5 733
208 3 674
774 3 723
371 9 68
906 8 81
906 8 85
185 9 68
461 9 339
185 9 283
208 3 427
160 5 96
557 5 445
557 5 444
290 9 283
560 5 657
275 3 688
949 3 705
490 3 267
906 8 341
118 9 283
723 5 998
329 5 17
728 3 705
806 8 887
859 9 302
868 9 856
329 5 657
712 4 322
455 3 830
275 3 674
906 8 65
101 9 939
357 9 243
590 9 965
975 5 17
722 5 659
760 3 267
757 3 224
347 9 128
329 5 251
984 5 285
270 9 939
791 4 963
774 3 56
615 4 730
371 9 784
490 3 688
190 3 905
560 5 233
999 5 733
275 3 427
20 5 585
20 5 342
548 3 742
613 3 640
723 5 535
518 9 243
859 9 965
962 5 822
791 4 706
774 3 758
712 4 145
329 5 233
906 8 328
774 3 46
528 9 784
490 3 674
590 9 302
615 4 963
864 9 856
548 3 773
548 3 531
329 5 2
757 3 688
185 9 243
975 5 193
345 9 283
128 5 939
208 3 224
774 3 37
275 3 640
199 4 270
722 5 469
593 9 856
347 9 391
949 3 905
999 5 998
155 4 145
490 3 224
347 9 135
906 8 780
107 5 375
300 9 391
728 3 905
806 8 600
774 3 742
557 5 657
560 5 444
560 5 445
548 3 758
548 3 73
206 9 856
107 5 368
999 5 504
208 3 73
557 5 193
290 9 68
774 3 794
712 4 963
728 3 758
906 8 516
190 3 427
548 3 705
906 8 517
590 9 339
345 9 939
128 5 285
490 3 640
180 9 694
180 9 451
20 5 2
757 3 830
758 8 600
20 5 17
290 9 694
593 9 391
290 9 451
329 5 285
348 3 224
712 4 730
518 9 283
208 3 830
891 8 158
760 3 905
891 8 394
891 8 395
891 8 153
118 9 451
962 5 193
723 5 585
118 9 694
723 5 342
613 3 830
613 3 73
712 4 706
728 3 773
728 3 531
774 3 773
774 3 531
190 3 640
160 5 402
757 3 809
613 3 809
455 3 688
560 5 251
548 3 723
490 3 427
345 9 68
490 3 73
868 9 451
593 9 135
160 5 659
206 9 939
185 9 451
199 4 638
868 9 694
728 3 541
954 3 267
975 5 285
774 3 541
455 3 427
906 8 987
185 9 694
617 9 251
371 9 391
766 9 784
455 3 674
891 8 376
275 3 830
548 3 952
199 4 644
155 4 574
180 9 243
357 9 128
275 3 56
728 3 952
774 3 592
167 9 283
758 8 655
593 9 128
975 5 251
490 3 46
190 3 46
774 3 597
160 5 469
155 4 322
906 8 717
548 3 905
155 4 329
528 9 135
949 3 165
208 3 37
118 9 243
490 3 56
275 3 46
357 9 135
275 3 809
758 8 887
348 3 267
190 3 37
728 3 723
528 9 391
906 8 729
208 3 640
891 8 110
371 9 135
891 8 350
208 3 46
275 3 37
490 3 830
723 5 144
757 3 640
975 5 233
275 3 73
290 9 243
775 9 251
455 3 640
891 8 341
949 3 187
461 9 424
208 3 56
371 9 128
357 9 391
555 9 251
728 3 742
490 3 37
190 3 56
557 5 144
891 8 328
190 3 830
560 5 285
528 9 128
167 9 243
868 9 283
617 9 424
999 5 144
728 3 597
775 9 424
869 9 251
101 9 135
760 3 742
190 3 267
101 9 128
962 5 342
455 3 267
490 3 809
954 3 73
185 9 856
962 5 585
984 5 998
723 5 193
975 5 444
975 5 445
290 9 856
962 5 2
954 3 640
128 5 444
774 3 165
128 5 445
758 8 444
180 9 856
864 9 243
20 5 939
760 3 758
949 3 597
766 9 128
118 9 856
345 9 784
101 9 391
270 9 68
760 3 723
766 9 135
954 3 56
300 9 856
984 5 733
891 8 780
758 8 426
348 3 640
766 9 391
155 4 730
984 5 504
954 3 46
128 5 233
791 4 574
208 3 809
555 9 424
868 9 243
728 3 794
954 3 674
806 8 376
348 3 674
712 4 924
891 8 516
891 8 517
190 3 224
518 9 68
155 4 963
962 5 144
455 3 224
864 9 283
560 5 2
348 3 427
518 9 939
954 3 427
167 9 694
167 9 451
155 4 706
891 8 987
758 8 243
760 3 952
949 3 794
20 5 55
760 3 705
975 5 657
128 5 251
806 8 394
806 8 395
806 8 153
270 9 283
949 3 592
806 8 158
528 9 68
190 3 688
348 3 688
954 3 688
791 4 145
984 5 939
999 5 193
613 3 187
774 3 187
954 3 224
155 4 924
891 8 729
347 9 939
190 3 674
20 5 76
728 3 592
--------------------------------------
