663 2 991
606 2 108
98 2 475
663 2 878
528 2 108
415 2 175
975 2 642
736 2 494
975 2 878
528 2 475
289 2 108
415 2 606
273 2 991
223 2 475
165 2 475
975 2 56
273 2 878
52 2 494
98 2 108
933 2 448
933 2 206
52 2 56
734 2 175
165 2 65
975 2 991
207 2 266
404 2 65
103 2 175
273 2 642
736 2 266
165 2 108
404 2 494
103 2 606
734 2 606
289 2 475
103 2 65
223 2 108
734 2 642
52 2 266
734 2 56
528 2 448
528 2 206
404 2 56
165 2 56
207 2 494
415 2 991
289 2 448
289 2 206
975 2 30
223 2 494
823 2 448
823 2 206
165 2 494
975 2 34
734 2 878
606 2 494
734 2 65
98 2 448
98 2 206
606 2 475
52 2 34
103 2 878
734 2 991
480 2 448
480 2 206
415 2 642
103 2 991
404 2 108
663 2 642
404 2 475
415 2 878
52 2 30
734 2 266
734 2 34
823 2 475
734 2 30
480 2 878
165 2 34
207 2 991
52 2 606
165 2 30
736 2 448
736 2 206
223 2 56
480 2 991
606 2 56
289 2 266
933 2 266
52 2 175
823 2 108
734 2 494
404 2 606
223 2 65
103 2 494
404 2 175
933 2 494
273 2 448
273 2 206
823 2 494
103 2 266
606 2 448
606 2 206
415 2 30
223 2 30
528 2 642
207 2 175
528 2 65
736 2 108
415 2 34
223 2 34
207 2 606
404 2 266
736 2 475
52 2 991
933 2 108
52 2 878
975 2 175
663 2 448
663 2 206
528 2 878
528 2 56
480 2 642
98 2 642
165 2 448
165 2 206
975 2 606
289 2 494
606 2 65
933 2 475
223 2 448
223 2 206
273 2 108
663 2 475
98 2 878
52 2 642
103 2 448
103 2 206
98 2 991
736 2 642
663 2 65
404 2 878
415 2 56
273 2 30
404 2 642
528 2 991
165 2 878
273 2 475
415 2 448
415 2 206
223 2 991
98 2 56
606 2 991
165 2 991
480 2 56
223 2 878
933 2 606
823 2 266
975 2 475
663 2 108
289 2 34
528 2 34
415 2 65
663 2 56
480 2 266
289 2 30
528 2 30
975 2 108
289 2 878
273 2 34
933 2 65
289 2 991
933 2 175
734 2 448
734 2 206
480 2 65
823 2 175
606 2 642
663 2 494
528 2 606
103 2 108
606 2 30
273 2 494
823 2 30
975 2 266
415 2 475
98 2 175
823 2 34
528 2 175
480 2 175
933 2 56
415 2 108
606 2 34
823 2 606
480 2 34
98 2 65
103 2 475
734 2 475
480 2 606
606 2 878
98 2 606
207 2 642
663 2 30
975 2 494
289 2 606
663 2 34
207 2 878
273 2 266
404 2 991
165 2 642
223 2 642
289 2 175
734 2 108
103 2 642
736 2 606
606 2 266
52 2 448
52 2 206
823 2 991
404 2 34
207 2 475
207 2 56
823 2 56
415 2 494
404 2 30
480 2 475
736 2 175
933 2 30
103 2 30
207 2 108
933 2 34
103 2 34
663 2 266
480 2 30
480 2 108
98 2 266
415 2 266
736 2 34
207 2 65
823 2 65
736 2 30
404 2 448
404 2 206
528 2 266
223 2 266
165 2 266
273 2 606
98 2 30
223 2 606
663 2 175
933 2 878
52 2 65
207 2 30
273 2 175
52 2 108
606 2 606
98 2 494
289 2 65
207 2 34
736 2 65
528 2 494
480 2 494
289 2 642
207 2 448
207 2 206
223 2 175
736 2 991
663 2 606
98 2 34
165 2 175
103 2 56
933 2 642
606 2 175
52 2 475
823 2 642
289 2 56
736 2 56
273 2 65
736 2 878
165 2 606
975 2 65
975 2 448
975 2 206
273 2 56
933 2 991
823 2 878
--------------------------------------
663 2 991
606 2 108
98 2 475
663 2 878
528 2 108
415 2 175
939 0 89
975 2 642
736 2 494
975 2 878
528 2 475
289 2 108
415 2 606
273 2 991
223 2 475
912 0 505
165 2 475
975 2 56
912 0 743
838 0 89
273 2 878
52 2 494
98 2 108
933 2 448
933 2 206
52 2 56
734 2 175
165 2 65
975 2 991
207 2 266
805 0 556
404 2 65
103 2 175
268 0 654
273 2 642
736 2 266
165 2 108
404 2 494
838 0 308
103 2 606
734 2 606
667 0 89
289 2 475
103 2 65
223 2 108
734 2 642
52 2 266
734 2 56
912 0 654
805 0 89
70 0 556
528 2 448
528 2 206
404 2 56
165 2 56
207 2 494
415 2 991
289 2 448
289 2 206
975 2 30
223 2 494
268 0 308
823 2 448
823 2 206
165 2 494
975 2 34
734 2 878
606 2 494
70 0 308
431 0 308
734 2 65
98 2 448
98 2 206
606 2 475
52 2 34
103 2 878
734 2 991
480 2 448
480 2 206
415 2 642
103 2 991
404 2 108
663 2 642
404 2 475
268 0 556
431 0 654
415 2 878
52 2 30
734 2 266
734 2 34
70 0 654
473 0 743
823 2 475
734 2 30
480 2 878
473 0 505
165 2 34
207 2 991
52 2 606
165 2 30
736 2 448
736 2 206
223 2 56
480 2 991
606 2 56
289 2 266
933 2 266
52 2 175
823 2 108
838 0 654
734 2 494
404 2 606
223 2 65
103 2 494
404 2 175
431 0 556
933 2 494
273 2 448
273 2 206
823 2 494
103 2 266
606 2 448
606 2 206
415 2 30
223 2 30
528 2 642
207 2 175
528 2 65
736 2 108
415 2 34
223 2 34
207 2 606
404 2 266
268 0 743
736 2 475
268 0 505
70 0 505
52 2 991
70 0 89
838 0 556
933 2 108
52 2 878
975 2 175
663 2 448
663 2 206
528 2 878
528 2 56
480 2 642
268 0 89
98 2 642
165 2 448
165 2 206
975 2 606
289 2 494
606 2 65
933 2 475
223 2 448
223 2 206
273 2 108
663 2 475
98 2 878
52 2 642
103 2 448
103 2 206
460 0 308
473 0 308
98 2 991
667 0 556
736 2 642
663 2 65
404 2 878
415 2 56
273 2 30
939 0 556
404 2 642
528 2 991
165 2 878
273 2 475
473 0 89
667 0 308
415 2 448
415 2 206
223 2 991
98 2 56
606 2 991
165 2 991
480 2 56
223 2 878
939 0 308
70 0 743
933 2 606
823 2 266
473 0 654
975 2 475
663 2 108
289 2 34
528 2 34
460 0 556
415 2 65
663 2 56
480 2 266
289 2 30
528 2 30
975 2 108
289 2 878
273 2 34
933 2 65
289 2 991
933 2 175
734 2 448
734 2 206
480 2 65
823 2 175
606 2 642
663 2 494
838 0 743
528 2 606
103 2 108
606 2 30
838 0 505
273 2 494
823 2 30
975 2 266
415 2 475
98 2 175
805 0 743
823 2 34
805 0 505
528 2 175
480 2 175
933 2 56
415 2 108
606 2 34
526 0 743
823 2 606
480 2 34
98 2 65
103 2 475
734 2 475
480 2 606
606 2 878
526 0 505
98 2 606
207 2 642
912 0 89
663 2 30
975 2 494
289 2 606
460 0 654
663 2 34
207 2 878
273 2 266
404 2 991
165 2 642
223 2 642
289 2 175
734 2 108
103 2 642
736 2 606
606 2 266
52 2 448
52 2 206
823 2 991
460 0 505
404 2 34
207 2 475
460 0 743
207 2 56
823 2 56
415 2 494
404 2 30
480 2 475
736 2 175
933 2 30
103 2 30
207 2 108
933 2 34
667 0 505
912 0 308
103 2 34
663 2 266
480 2 30
939 0 505
480 2 108
98 2 266
415 2 266
667 0 743
736 2 34
207 2 65
823 2 65
431 0 89
736 2 30
404 2 448
404 2 206
939 0 743
528 2 266
223 2 266
165 2 266
273 2 606
526 0 654
912 0 556
98 2 30
223 2 606
805 0 308
663 2 175
933 2 878
52 2 65
207 2 30
273 2 175
52 2 108
667 0 654
606 2 606
98 2 494
289 2 65
207 2 34
736 2 65
939 0 654
528 2 494
480 2 494
289 2 642
207 2 448
207 2 206
223 2 175
736 2 991
663 2 606
431 0 743
98 2 34
165 2 175
103 2 56
933 2 642
606 2 175
431 0 505
52 2 475
526 0 308
823 2 642
473 0 556
289 2 56
736 2 56
805 0 654
460 0 89
526 0 89
273 2 65
736 2 878
165 2 606
975 2 65
975 2 448
975 2 206
273 2 56
526 0 556
933 2 991
823 2 878
--------------------------------------
663 2 991
334 8 646
98 2 475
415 2 175
847 8 43
177 8 43
393 8 684
377 8 478
771 8 303
771 8 302
975 2 56
543 8 522
442 8 376
686 8 12
746 8 724
117 8 303
117 8 302
117 8 789
944 8 12
165 2 108
552 8 161
404 2 494
838 0 308
103 2 606
667 0 89
103 8 43
457 8 646
393 8 437
696 8 376
70 0 556
916 8 376
975 2 30
442 8 339
771 8 522
975 2 34
457 8 437
70 0 308
431 0 308
543 8 789
98 2 448
98 2 206
543 8 302
103 2 878
334 8 437
377 8 254
543 8 303
117 8 522
404 2 475
924 8 339
13 8 522
334 8 684
734 2 266
473 0 743
696 8 339
473 0 505
207 2 991
442 8 161
223 2 56
924 8 522
334 8 698
543 8 724
734 2 494
771 8 724
916 8 789
223 2 65
916 8 303
916 8 302
393 8 478
431 0 556
232 8 12
117 8 339
916 8 339
415 2 30
223 2 30
736 2 108
415 2 34
223 2 34
924 8 789
404 2 266
944 8 43
924 8 303
924 8 302
70 0 505
552 8 376
52 2 991
70 0 89
334 8 478
696 8 789
696 8 302
838 0 556
696 8 303
13 8 724
98 2 642
847 8 12
393 8 698
103 2 448
103 2 206
863 8 43
177 8 161
473 0 308
90 8 646
415 2 56
625 8 161
117 8 161
473 0 89
223 2 991
924 8 724
334 8 254
165 2 991
737 8 254
696 8 522
457 8 254
70 0 743
975 2 475
289 2 34
415 2 65
480 2 266
289 2 30
847 8 254
606 2 642
117 8 376
975 2 266
103 8 724
625 8 376
415 2 108
103 2 475
847 8 478
606 2 878
686 8 724
746 8 302
746 8 303
746 8 789
975 2 494
90 8 437
916 8 522
737 8 478
393 8 254
858 8 646
289 2 175
90 8 12
145 8 43
944 8 254
103 2 642
737 8 684
823 2 991
90 8 684
480 2 475
736 2 175
207 2 108
457 8 698
847 8 698
696 8 724
746 8 522
98 2 266
90 8 698
737 8 698
528 2 266
526 0 654
457 8 684
177 8 12
52 2 108
606 2 606
98 2 494
289 2 65
847 8 684
528 2 494
480 2 494
457 8 478
90 8 43
625 8 339
431 0 743
431 0 505
847 8 437
686 8 522
863 8 12
145 8 724
473 0 556
916 8 724
90 8 478
289 2 56
805 0 654
177 8 376
737 8 437
975 2 65
975 2 448
975 2 206
863 8 724
933 2 991
606 2 108
177 8 684
457 8 12
737 8 646
177 8 437
528 2 475
289 2 108
415 2 606
223 2 475
625 8 437
858 8 478
273 2 878
145 8 302
145 8 303
145 8 789
756 8 303
756 8 302
975 2 991
207 2 266
805 0 556
756 8 789
90 8 376
103 8 698
103 2 175
117 8 43
273 2 642
625 8 684
103 2 65
847 8 646
746 8 254
912 0 654
552 8 724
686 8 437
528 2 448
528 2 206
756 8 339
207 2 494
13 8 43
944 8 789
223 2 494
268 0 308
858 8 254
944 8 303
944 8 302
145 8 522
686 8 684
734 2 991
480 2 448
480 2 206
232 8 254
415 2 642
103 8 437
177 8 698
457 8 43
103 8 684
268 0 556
415 2 878
90 8 161
863 8 522
686 8 698
145 8 339
746 8 478
480 2 878
117 8 12
858 8 437
52 2 175
823 2 108
232 8 478
863 8 789
13 8 12
863 8 303
863 8 302
442 8 724
625 8 646
273 2 448
273 2 206
686 8 478
746 8 698
103 8 646
528 2 642
771 8 161
268 0 743
268 0 505
858 8 698
933 2 108
756 8 522
528 2 878
480 2 642
232 8 698
13 8 161
177 8 646
858 8 684
944 8 339
223 2 448
223 2 206
686 8 254
663 2 475
552 8 303
552 8 789
543 8 478
442 8 522
98 2 991
232 8 684
939 0 556
232 8 437
863 8 339
273 2 475
944 8 724
756 8 161
939 0 308
924 8 161
543 8 254
289 2 991
933 2 175
771 8 376
823 2 175
663 2 494
528 2 606
273 2 494
823 2 30
823 2 34
696 8 43
13 8 376
552 8 339
480 2 606
863 8 376
460 0 654
232 8 646
273 2 266
404 2 991
377 8 646
145 8 376
734 2 108
924 8 12
543 8 437
334 8 724
377 8 684
771 8 339
823 2 56
686 8 43
377 8 437
543 8 684
944 8 522
103 8 12
393 8 646
663 2 266
939 0 505
13 8 789
13 8 303
823 2 65
431 0 89
939 0 743
223 2 266
165 2 266
13 8 302
552 8 522
756 8 376
543 8 698
13 8 339
442 8 302
667 0 654
863 8 161
103 8 254
696 8 161
736 2 991
145 8 161
377 8 698
606 2 175
117 8 724
771 8 789
526 0 89
103 8 478
696 8 12
442 8 789
442 8 303
924 8 376
552 8 302
334 8 522
663 2 878
746 8 43
916 8 478
117 8 437
736 2 494
165 2 475
924 8 684
98 2 108
543 8 646
442 8 254
771 8 646
734 2 175
771 8 12
404 2 65
924 8 437
736 2 266
457 8 522
696 8 254
334 8 302
916 8 254
696 8 478
334 8 303
334 8 789
404 2 56
393 8 302
393 8 303
165 2 494
393 8 789
334 8 43
13 8 646
377 8 376
442 8 478
103 2 991
404 2 108
663 2 642
117 8 646
924 8 698
431 0 654
457 8 302
457 8 789
457 8 303
696 8 698
70 0 654
90 8 724
771 8 43
916 8 437
52 2 606
117 8 478
736 2 448
736 2 206
377 8 161
924 8 646
606 2 56
924 8 43
552 8 478
552 8 12
838 0 654
334 8 339
404 2 175
457 8 724
696 8 437
916 8 698
117 8 698
207 2 606
736 2 475
552 8 254
696 8 684
52 2 878
117 8 684
975 2 175
663 2 448
663 2 206
625 8 43
268 0 89
916 8 684
847 8 161
165 2 448
165 2 206
737 8 161
606 2 65
393 8 339
52 2 642
746 8 437
90 8 522
663 2 65
393 8 161
165 2 878
415 2 448
415 2 206
457 8 376
98 2 56
606 2 991
480 2 56
223 2 878
334 8 376
916 8 43
944 8 161
696 8 646
746 8 684
737 8 376
933 2 606
473 0 654
663 2 56
847 8 376
975 2 108
480 2 65
457 8 161
552 8 43
103 2 108
90 8 303
415 2 475
90 8 302
117 8 254
98 2 175
805 0 743
90 8 789
805 0 505
528 2 175
625 8 254
480 2 175
526 0 743
823 2 606
480 2 34
98 2 65
526 0 505
207 2 642
912 0 89
916 8 646
663 2 30
756 8 724
663 2 34
207 2 878
393 8 376
858 8 12
165 2 642
223 2 642
334 8 161
737 8 43
858 8 522
944 8 376
52 2 448
52 2 206
404 2 34
207 2 475
415 2 494
404 2 30
103 2 30
625 8 478
912 0 308
457 8 339
103 2 34
480 2 30
90 8 339
847 8 339
746 8 646
480 2 108
415 2 266
737 8 339
736 2 34
177 8 478
736 2 30
273 2 606
912 0 556
98 2 30
223 2 606
805 0 308
933 2 878
736 2 65
737 8 789
737 8 302
737 8 303
625 8 698
207 2 448
207 2 206
858 8 43
663 2 606
737 8 12
98 2 34
103 2 56
933 2 642
52 2 475
526 0 308
823 2 642
686 8 646
177 8 254
736 2 56
460 0 89
165 2 606
526 0 556
823 2 878
858 8 724
847 8 789
847 8 303
847 8 302
232 8 161
756 8 437
528 2 108
939 0 89
737 8 522
975 2 642
975 2 878
273 2 991
912 0 505
912 0 743
838 0 89
756 8 12
746 8 161
52 2 494
944 8 684
377 8 43
686 8 302
933 2 448
933 2 206
686 8 303
52 2 56
686 8 789
165 2 65
103 8 339
90 8 254
268 0 654
177 8 789
944 8 437
734 2 606
289 2 475
223 2 108
734 2 642
52 2 266
746 8 376
734 2 56
805 0 89
847 8 522
756 8 698
165 2 56
415 2 991
289 2 448
289 2 206
177 8 339
858 8 376
823 2 448
823 2 206
734 2 878
606 2 494
756 8 684
734 2 65
145 8 646
756 8 43
606 2 475
52 2 34
232 8 376
863 8 646
625 8 303
625 8 302
52 2 30
625 8 789
734 2 34
686 8 339
823 2 475
734 2 30
165 2 34
737 8 724
103 8 789
103 8 303
165 2 30
103 8 302
177 8 522
480 2 991
289 2 266
933 2 266
543 8 161
442 8 43
404 2 606
103 2 494
625 8 522
858 8 789
858 8 303
933 2 494
858 8 302
944 8 478
393 8 12
145 8 478
823 2 494
103 2 266
145 8 437
606 2 448
606 2 206
847 8 724
863 8 684
746 8 339
207 2 175
528 2 65
103 8 522
177 8 302
177 8 303
863 8 437
232 8 339
145 8 12
145 8 684
858 8 339
756 8 646
528 2 56
975 2 606
289 2 494
944 8 698
933 2 475
916 8 12
377 8 724
273 2 108
145 8 698
686 8 376
98 2 878
460 0 308
442 8 12
667 0 556
736 2 642
404 2 878
273 2 30
404 2 642
232 8 43
528 2 991
625 8 12
667 0 308
863 8 698
393 8 43
13 8 478
393 8 724
552 8 437
823 2 266
663 2 108
528 2 34
460 0 556
528 2 30
232 8 789
289 2 878
273 2 34
933 2 65
442 8 646
543 8 376
734 2 448
734 2 206
552 8 684
625 8 724
771 8 254
838 0 743
606 2 30
838 0 505
232 8 302
232 8 303
933 2 56
863 8 478
606 2 34
686 8 161
13 8 254
552 8 698
734 2 475
98 2 606
863 8 254
289 2 606
177 8 724
543 8 12
103 8 161
377 8 522
771 8 478
145 8 254
736 2 606
606 2 266
13 8 437
442 8 684
460 0 505
334 8 12
756 8 478
460 0 743
207 2 56
858 8 161
232 8 522
933 2 30
933 2 34
944 8 646
667 0 505
393 8 522
442 8 437
442 8 698
667 0 743
207 2 65
404 2 448
404 2 206
924 8 478
377 8 303
377 8 302
377 8 789
771 8 698
377 8 12
543 8 339
552 8 646
663 2 175
756 8 254
771 8 437
52 2 65
207 2 30
273 2 175
207 2 34
939 0 654
103 8 376
289 2 642
223 2 175
543 8 43
13 8 698
165 2 175
377 8 339
771 8 684
916 8 161
273 2 65
736 2 878
232 8 724
273 2 56
746 8 12
13 8 684
924 8 254
--------------------------------------
663 2 991
334 8 646
98 2 475
415 2 175
847 8 43
177 8 43
393 8 684
377 8 478
771 8 303
771 8 302
975 2 56
543 8 522
442 8 376
686 8 12
746 8 724
117 8 303
117 8 302
117 8 789
944 8 12
165 2 108
552 8 161
404 2 494
838 0 308
103 2 606
667 0 89
103 8 43
457 8 646
393 8 437
696 8 376
70 0 556
916 8 376
975 2 30
442 8 339
771 8 522
975 2 34
457 8 437
70 0 308
431 0 308
543 8 789
98 2 448
98 2 206
543 8 302
103 2 878
334 8 437
377 8 254
543 8 303
117 8 522
404 2 475
924 8 339
13 8 522
334 8 684
734 2 266
473 0 743
696 8 339
473 0 505
207 2 991
442 8 161
223 2 56
924 8 522
334 8 698
543 8 724
734 2 494
771 8 724
916 8 789
223 2 65
169 3 336
916 8 303
916 8 302
393 8 478
431 0 556
232 8 12
117 8 339
916 8 339
415 2 30
223 2 30
736 2 108
415 2 34
223 2 34
924 8 789
404 2 266
944 8 43
924 8 303
924 8 302
70 0 505
552 8 376
52 2 991
70 0 89
334 8 478
696 8 789
696 8 302
838 0 556
696 8 303
13 8 724
98 2 642
847 8 12
393 8 698
103 2 448
103 2 206
863 8 43
177 8 161
473 0 308
90 8 646
415 2 56
625 8 161
117 8 161
473 0 89
223 2 991
924 8 724
334 8 254
165 2 991
737 8 254
696 8 522
457 8 254
70 0 743
975 2 475
289 2 34
415 2 65
480 2 266
289 2 30
847 8 254
606 2 642
117 8 376
975 2 266
103 8 724
625 8 376
415 2 108
103 2 475
847 8 478
606 2 878
686 8 724
746 8 302
746 8 303
746 8 789
975 2 494
90 8 437
916 8 522
737 8 478
393 8 254
858 8 646
289 2 175
90 8 12
145 8 43
944 8 254
103 2 642
737 8 684
823 2 991
90 8 684
480 2 475
736 2 175
207 2 108
457 8 698
847 8 698
696 8 724
746 8 522
98 2 266
90 8 698
737 8 698
528 2 266
526 0 654
457 8 684
177 8 12
52 2 108
606 2 606
98 2 494
289 2 65
847 8 684
528 2 494
480 2 494
457 8 478
90 8 43
625 8 339
431 0 743
431 0 505
847 8 437
686 8 522
863 8 12
145 8 724
473 0 556
916 8 724
90 8 478
289 2 56
805 0 654
177 8 376
737 8 437
975 2 65
975 2 448
975 2 206
863 8 724
270 3 336
933 2 991
606 2 108
177 8 684
457 8 12
737 8 646
177 8 437
528 2 475
289 2 108
415 2 606
223 2 475
625 8 437
858 8 478
273 2 878
145 8 302
145 8 303
145 8 789
756 8 303
756 8 302
975 2 991
207 2 266
805 0 556
756 8 789
90 8 376
103 8 698
103 2 175
117 8 43
273 2 642
625 8 684
103 2 65
847 8 646
746 8 254
912 0 654
552 8 724
686 8 437
528 2 448
528 2 206
756 8 339
207 2 494
13 8 43
944 8 789
223 2 494
268 0 308
858 8 254
944 8 303
944 8 302
145 8 522
686 8 684
734 2 991
480 2 448
480 2 206
232 8 254
415 2 642
103 8 437
177 8 698
457 8 43
103 8 684
268 0 556
415 2 878
90 8 161
863 8 522
686 8 698
145 8 339
746 8 478
480 2 878
117 8 12
858 8 437
52 2 175
823 2 108
232 8 478
863 8 789
13 8 12
863 8 303
863 8 302
442 8 724
625 8 646
273 2 448
273 2 206
686 8 478
746 8 698
103 8 646
528 2 642
771 8 161
268 0 743
268 0 505
858 8 698
933 2 108
756 8 522
528 2 878
480 2 642
232 8 698
13 8 161
177 8 646
858 8 684
944 8 339
223 2 448
223 2 206
686 8 254
663 2 475
552 8 303
552 8 789
543 8 478
442 8 522
98 2 991
232 8 684
939 0 556
232 8 437
863 8 339
273 2 475
944 8 724
756 8 161
939 0 308
924 8 161
543 8 254
289 2 991
933 2 175
771 8 376
823 2 175
663 2 494
528 2 606
273 2 494
823 2 30
823 2 34
696 8 43
13 8 376
552 8 339
480 2 606
863 8 376
460 0 654
232 8 646
273 2 266
404 2 991
377 8 646
145 8 376
734 2 108
924 8 12
543 8 437
334 8 724
377 8 684
771 8 339
823 2 56
686 8 43
377 8 437
543 8 684
944 8 522
103 8 12
393 8 646
663 2 266
939 0 505
13 8 789
13 8 303
823 2 65
431 0 89
939 0 743
223 2 266
165 2 266
13 8 302
552 8 522
756 8 376
543 8 698
13 8 339
442 8 302
667 0 654
863 8 161
103 8 254
696 8 161
736 2 991
145 8 161
377 8 698
606 2 175
117 8 724
771 8 789
526 0 89
103 8 478
696 8 12
442 8 789
442 8 303
924 8 376
552 8 302
334 8 522
663 2 878
746 8 43
916 8 478
117 8 437
736 2 494
165 2 475
924 8 684
98 2 108
543 8 646
442 8 254
771 8 646
734 2 175
771 8 12
404 2 65
924 8 437
736 2 266
457 8 522
696 8 254
334 8 302
916 8 254
696 8 478
334 8 303
334 8 789
404 2 56
393 8 302
393 8 303
165 2 494
393 8 789
334 8 43
13 8 646
377 8 376
442 8 478
103 2 991
404 2 108
663 2 642
117 8 646
924 8 698
431 0 654
457 8 302
457 8 789
457 8 303
696 8 698
70 0 654
90 8 724
771 8 43
916 8 437
52 2 606
117 8 478
736 2 448
736 2 206
377 8 161
924 8 646
606 2 56
924 8 43
552 8 478
552 8 12
838 0 654
146 3 336
334 8 339
404 2 175
457 8 724
696 8 437
916 8 698
117 8 698
207 2 606
736 2 475
552 8 254
696 8 684
52 2 878
117 8 684
975 2 175
663 2 448
663 2 206
625 8 43
268 0 89
916 8 684
847 8 161
165 2 448
165 2 206
737 8 161
606 2 65
393 8 339
52 2 642
746 8 437
90 8 522
663 2 65
393 8 161
165 2 878
415 2 448
415 2 206
457 8 376
98 2 56
606 2 991
480 2 56
223 2 878
334 8 376
916 8 43
944 8 161
696 8 646
746 8 684
737 8 376
933 2 606
473 0 654
663 2 56
847 8 376
975 2 108
480 2 65
457 8 161
552 8 43
103 2 108
90 8 303
415 2 475
90 8 302
117 8 254
98 2 175
805 0 743
90 8 789
805 0 505
528 2 175
625 8 254
480 2 175
526 0 743
823 2 606
480 2 34
98 2 65
526 0 505
207 2 642
912 0 89
916 8 646
663 2 30
756 8 724
663 2 34
207 2 878
393 8 376
858 8 12
165 2 642
223 2 642
334 8 161
737 8 43
858 8 522
944 8 376
52 2 448
52 2 206
404 2 34
207 2 475
415 2 494
404 2 30
103 2 30
625 8 478
912 0 308
457 8 339
103 2 34
480 2 30
90 8 339
847 8 339
746 8 646
480 2 108
415 2 266
737 8 339
736 2 34
177 8 478
736 2 30
273 2 606
912 0 556
98 2 30
223 2 606
805 0 308
933 2 878
736 2 65
737 8 789
737 8 302
737 8 303
625 8 698
207 2 448
207 2 206
858 8 43
663 2 606
737 8 12
98 2 34
103 2 56
933 2 642
52 2 475
526 0 308
823 2 642
686 8 646
177 8 254
736 2 56
460 0 89
165 2 606
526 0 556
823 2 878
858 8 724
847 8 789
847 8 303
847 8 302
232 8 161
756 8 437
528 2 108
939 0 89
737 8 522
975 2 642
975 2 878
273 2 991
912 0 505
912 0 743
838 0 89
756 8 12
746 8 161
52 2 494
944 8 684
377 8 43
686 8 302
933 2 448
933 2 206
686 8 303
52 2 56
686 8 789
165 2 65
103 8 339
90 8 254
268 0 654
177 8 789
944 8 437
734 2 606
289 2 475
212 3 336
223 2 108
734 2 642
52 2 266
746 8 376
734 2 56
805 0 89
847 8 522
756 8 698
165 2 56
415 2 991
289 2 448
289 2 206
177 8 339
858 8 376
823 2 448
823 2 206
734 2 878
606 2 494
756 8 684
734 2 65
145 8 646
756 8 43
606 2 475
52 2 34
232 8 376
863 8 646
625 8 303
625 8 302
52 2 30
625 8 789
734 2 34
686 8 339
823 2 475
734 2 30
165 2 34
737 8 724
103 8 789
103 8 303
165 2 30
103 8 302
177 8 522
480 2 991
289 2 266
933 2 266
543 8 161
442 8 43
404 2 606
103 2 494
625 8 522
858 8 789
858 8 303
933 2 494
858 8 302
944 8 478
393 8 12
145 8 478
823 2 494
103 2 266
145 8 437
606 2 448
606 2 206
847 8 724
863 8 684
746 8 339
207 2 175
528 2 65
103 8 522
177 8 302
177 8 303
863 8 437
232 8 339
145 8 12
145 8 684
858 8 339
756 8 646
528 2 56
975 2 606
289 2 494
944 8 698
933 2 475
916 8 12
377 8 724
273 2 108
145 8 698
686 8 376
98 2 878
460 0 308
442 8 12
667 0 556
736 2 642
404 2 878
273 2 30
404 2 642
232 8 43
528 2 991
625 8 12
667 0 308
863 8 698
393 8 43
13 8 478
393 8 724
552 8 437
823 2 266
663 2 108
528 2 34
460 0 556
528 2 30
232 8 789
289 2 878
273 2 34
933 2 65
442 8 646
543 8 376
734 2 448
734 2 206
552 8 684
625 8 724
771 8 254
838 0 743
606 2 30
838 0 505
232 8 302
232 8 303
933 2 56
863 8 478
606 2 34
686 8 161
13 8 254
552 8 698
734 2 475
98 2 606
863 8 254
289 2 606
177 8 724
543 8 12
103 8 161
377 8 522
771 8 478
145 8 254
736 2 606
606 2 266
13 8 437
442 8 684
460 0 505
334 8 12
756 8 478
460 0 743
207 2 56
858 8 161
232 8 522
933 2 30
933 2 34
944 8 646
667 0 505
393 8 522
442 8 437
442 8 698
667 0 743
207 2 65
404 2 448
404 2 206
924 8 478
377 8 303
377 8 302
377 8 789
771 8 698
377 8 12
543 8 339
552 8 646
663 2 175
756 8 254
771 8 437
52 2 65
207 2 30
273 2 175
207 2 34
939 0 654
103 8 376
289 2 642
223 2 175
543 8 43
13 8 698
165 2 175
960 3 336
377 8 339
771 8 684
916 8 161
273 2 65
736 2 878
232 8 724
273 2 56
746 8 12
13 8 684
924 8 254
--------------------------------------
875 1 539
697 1 917
334 8 646
229 1 773
203 1 545
814 1 440
847 8 43
177 8 43
203 1 539
393 8 684
377 8 478
771 8 303
771 8 302
875 1 545
147 1 299
742 1 246
147 1 298
543 8 522
442 8 376
686 8 12
746 8 724
117 8 303
117 8 302
117 8 789
944 8 12
552 8 161
838 0 308
667 0 89
875 1 773
103 8 43
457 8 646
393 8 437
696 8 376
262 1 355
70 0 556
431 1 589
916 8 376
482 1 355
867 1 539
442 8 339
111 1 801
771 8 522
457 8 437
111 1 802
70 0 308
431 0 308
742 1 224
543 8 789
543 8 302
262 1 589
334 8 437
377 8 254
543 8 303
482 1 589
203 1 773
867 1 545
814 1 695
117 8 522
730 1 917
924 8 339
13 8 522
742 1 236
334 8 684
473 0 743
696 8 339
473 0 505
837 1 917
442 8 161
924 8 522
742 1 440
814 1 236
455 1 695
875 1 589
334 8 698
543 8 724
431 1 355
771 8 724
916 8 789
124 1 801
169 3 336
916 8 303
124 1 802
916 8 302
147 1 246
455 1 224
814 1 224
393 8 478
431 0 556
742 1 695
232 8 12
810 1 298
431 1 140
117 8 339
810 1 299
431 1 144
916 8 339
924 8 789
944 8 43
455 1 236
924 8 303
924 8 302
70 0 505
552 8 376
70 0 89
334 8 478
696 8 789
262 1 144
696 8 302
838 0 556
696 8 303
13 8 724
867 1 589
482 1 144
482 1 140
455 1 246
814 1 246
847 8 12
867 1 355
393 8 698
262 1 140
730 1 299
730 1 298
203 1 140
863 8 43
810 1 236
177 8 161
482 1 539
203 1 144
473 0 308
90 8 646
625 8 161
482 1 773
861 1 298
117 8 161
861 1 299
473 0 89
924 8 724
334 8 254
147 1 695
737 8 254
696 8 522
457 8 254
70 0 743
810 1 246
375 1 917
847 8 254
229 1 917
147 1 440
875 1 917
117 8 376
103 8 724
625 8 376
147 1 236
847 8 478
686 8 724
746 8 302
746 8 303
746 8 789
90 8 437
289 1 144
916 8 522
737 8 478
289 1 140
147 1 224
393 8 254
912 1 298
912 1 299
858 8 646
90 8 12
145 8 43
944 8 254
737 8 684
262 1 773
912 1 236
262 1 539
90 8 684
203 1 589
957 1 144
912 1 246
957 1 140
457 8 698
455 1 299
455 1 298
810 1 440
847 8 698
696 8 724
746 8 522
90 8 698
203 1 355
737 8 698
742 1 298
867 1 773
526 0 654
457 8 684
742 1 299
861 1 246
177 8 12
810 1 695
697 1 539
431 1 545
847 8 684
457 8 478
90 8 43
625 8 339
431 0 743
861 1 236
697 1 545
431 0 505
847 8 437
686 8 522
863 8 12
145 8 724
262 1 545
473 0 556
810 1 224
431 1 773
916 8 724
90 8 478
482 1 545
805 0 654
177 8 376
737 8 437
431 1 539
863 8 724
270 3 336
861 1 224
697 1 773
289 1 539
289 1 773
177 8 684
457 8 12
737 8 646
177 8 437
912 1 440
111 1 224
625 8 437
742 1 801
858 8 478
145 8 302
697 1 246
145 8 303
145 8 789
756 8 303
482 1 801
482 1 802
742 1 802
756 8 302
805 0 556
756 8 789
90 8 376
730 1 589
103 8 698
117 8 43
111 1 695
625 8 684
697 1 236
847 8 646
746 8 254
810 1 773
912 0 654
552 8 724
124 1 355
686 8 437
756 8 339
730 1 355
13 8 43
944 8 789
375 1 539
912 1 224
268 0 308
858 8 254
111 1 246
944 8 303
944 8 302
375 1 773
145 8 522
686 8 684
697 1 224
289 1 545
810 1 545
232 8 254
103 8 437
957 1 589
177 8 698
124 1 589
457 8 43
103 8 684
375 1 545
697 1 695
957 1 355
268 0 556
90 8 161
111 1 236
863 8 522
912 1 695
837 1 299
837 1 298
810 1 539
861 1 545
686 8 698
867 1 917
145 8 339
229 1 298
229 1 299
837 1 236
746 8 478
957 1 539
431 1 801
431 1 802
117 8 12
861 1 773
858 8 437
814 1 917
861 1 539
730 1 144
730 1 140
837 1 224
262 1 802
262 1 801
232 8 478
147 1 917
863 8 789
957 1 773
13 8 12
863 8 303
863 8 302
442 8 724
625 8 646
686 8 478
746 8 698
289 1 355
103 8 646
771 8 161
268 0 743
111 1 440
268 0 505
858 8 698
124 1 144
289 1 589
124 1 140
837 1 246
756 8 522
203 1 298
455 1 917
203 1 299
957 1 545
232 8 698
13 8 161
177 8 646
375 1 589
858 8 684
944 8 339
686 8 254
552 8 303
552 8 789
543 8 478
442 8 522
232 8 684
939 0 556
232 8 437
863 8 339
455 1 773
875 1 140
944 8 724
875 1 144
837 1 440
375 1 355
756 8 161
939 0 308
924 8 161
229 1 246
455 1 539
867 1 298
111 1 298
111 1 299
867 1 299
455 1 545
543 8 254
289 1 917
771 8 376
810 1 917
229 1 236
696 8 43
203 1 917
13 8 376
552 8 339
229 1 224
375 1 140
863 8 376
460 0 654
814 1 299
814 1 298
697 1 298
232 8 646
697 1 299
837 1 695
377 8 646
875 1 355
375 1 144
145 8 376
924 8 12
543 8 437
124 1 773
334 8 724
377 8 684
229 1 695
771 8 339
124 1 539
686 8 43
730 1 773
377 8 437
543 8 684
944 8 522
103 8 12
393 8 646
229 1 440
939 0 505
13 8 789
861 1 917
13 8 303
730 1 545
431 0 89
939 0 743
730 1 539
13 8 302
552 8 522
756 8 376
543 8 698
13 8 339
442 8 302
667 0 654
863 8 161
103 8 254
696 8 161
145 8 161
377 8 698
117 8 724
771 8 789
526 0 89
103 8 478
912 1 801
124 1 545
912 1 802
696 8 12
442 8 789
442 8 303
924 8 376
552 8 302
334 8 522
262 1 695
431 1 440
746 8 43
916 8 478
117 8 437
867 1 440
697 1 801
697 1 802
924 8 684
543 8 646
442 8 254
771 8 646
771 8 12
482 1 246
924 8 437
814 1 545
867 1 695
457 8 522
455 1 140
455 1 144
696 8 254
262 1 440
334 8 302
111 1 917
916 8 254
696 8 478
334 8 303
334 8 789
262 1 236
957 1 917
431 1 224
482 1 236
393 8 302
393 8 303
742 1 589
393 8 789
334 8 43
262 1 224
13 8 646
377 8 376
442 8 478
431 1 695
730 1 802
730 1 801
117 8 646
482 1 224
924 8 698
431 0 654
457 8 302
742 1 355
457 8 789
457 8 303
696 8 698
70 0 654
90 8 724
771 8 43
431 1 246
916 8 437
482 1 298
117 8 478
482 1 299
377 8 161
924 8 646
867 1 246
875 1 224
924 8 43
552 8 478
552 8 12
838 0 654
262 1 246
146 3 336
334 8 339
431 1 236
814 1 355
814 1 589
124 1 917
455 1 589
875 1 695
457 8 724
696 8 437
742 1 539
814 1 140
916 8 698
117 8 698
814 1 144
455 1 355
867 1 224
875 1 440
742 1 545
552 8 254
696 8 684
837 1 802
837 1 801
117 8 684
625 8 43
268 0 89
916 8 684
847 8 161
867 1 236
737 8 161
147 1 140
393 8 339
147 1 144
124 1 298
810 1 355
124 1 299
746 8 437
90 8 522
393 8 161
457 8 376
229 1 801
229 1 802
334 8 376
916 8 43
944 8 161
875 1 801
696 8 646
875 1 802
746 8 684
737 8 376
473 0 654
289 1 246
847 8 376
957 1 299
375 1 801
957 1 298
375 1 802
457 8 161
552 8 43
90 8 303
90 8 302
117 8 254
805 0 743
90 8 789
203 1 246
805 0 505
625 8 254
147 1 355
526 0 743
810 1 144
526 0 505
912 0 89
916 8 646
756 8 724
810 1 140
861 1 144
147 1 589
861 1 140
393 8 376
858 8 12
334 8 161
737 8 43
858 8 522
944 8 376
289 1 299
289 1 298
203 1 224
482 1 695
625 8 478
147 1 773
697 1 440
912 0 308
457 8 339
90 8 339
847 8 339
746 8 646
737 8 339
203 1 236
912 1 589
177 8 478
957 1 246
482 1 440
912 1 355
912 0 556
805 0 308
203 1 440
737 8 789
737 8 302
737 8 303
625 8 698
742 1 144
912 1 140
861 1 355
858 8 43
814 1 539
742 1 140
912 1 144
737 8 12
526 0 308
686 8 646
810 1 589
203 1 695
177 8 254
147 1 539
460 0 89
814 1 773
147 1 545
526 0 556
861 1 589
858 8 724
847 8 789
742 1 917
730 1 695
847 8 303
124 1 695
847 8 302
232 8 161
756 8 437
939 0 89
737 8 522
861 1 695
912 0 505
111 1 589
912 0 743
838 0 89
756 8 12
746 8 161
944 8 684
377 8 43
686 8 302
124 1 440
686 8 303
686 8 789
103 8 339
912 1 545
90 8 254
730 1 224
957 1 695
268 0 654
177 8 789
861 1 440
944 8 437
212 3 336
697 1 355
746 8 376
482 1 917
805 0 89
847 8 522
756 8 698
730 1 236
124 1 236
262 1 917
957 1 236
177 8 339
858 8 376
697 1 589
756 8 684
145 8 646
756 8 43
232 8 376
124 1 224
730 1 246
957 1 224
863 8 646
625 8 303
111 1 355
625 8 302
625 8 789
686 8 339
837 1 355
289 1 695
737 8 724
103 8 789
103 8 303
103 8 302
177 8 522
431 1 917
111 1 545
543 8 161
837 1 589
442 8 43
867 1 801
289 1 440
124 1 246
867 1 802
625 8 522
111 1 773
147 1 801
147 1 802
858 8 789
858 8 303
858 8 302
944 8 478
375 1 440
111 1 539
393 8 12
145 8 478
145 8 437
289 1 236
847 8 724
863 8 684
746 8 339
912 1 539
103 8 522
177 8 302
177 8 303
863 8 437
697 1 144
232 8 339
957 1 440
697 1 140
837 1 144
145 8 12
145 8 684
837 1 140
375 1 695
858 8 339
229 1 144
289 1 224
756 8 646
229 1 140
455 1 801
455 1 802
814 1 802
912 1 773
814 1 801
944 8 698
916 8 12
377 8 724
145 8 698
686 8 376
375 1 224
262 1 299
262 1 298
460 0 308
442 8 12
667 0 556
232 8 43
625 8 12
667 0 308
863 8 698
393 8 43
13 8 478
393 8 724
375 1 236
289 1 802
552 8 437
289 1 801
837 1 545
460 0 556
232 8 789
442 8 646
543 8 376
552 8 684
742 1 773
625 8 724
771 8 254
375 1 246
838 0 743
229 1 355
838 0 505
232 8 302
232 8 303
203 1 801
867 1 144
863 8 478
229 1 589
810 1 801
686 8 161
810 1 802
875 1 246
867 1 140
13 8 254
552 8 698
431 1 298
431 1 299
863 8 254
203 1 802
177 8 724
543 8 12
103 8 161
377 8 522
455 1 440
771 8 478
145 8 254
875 1 236
912 1 917
13 8 437
442 8 684
460 0 505
334 8 12
756 8 478
460 0 743
858 8 161
232 8 522
111 1 140
111 1 144
944 8 646
667 0 505
393 8 522
442 8 437
442 8 698
957 1 802
667 0 743
957 1 801
924 8 478
377 8 303
875 1 298
861 1 802
377 8 302
875 1 299
377 8 789
771 8 698
861 1 801
377 8 12
543 8 339
552 8 646
756 8 254
771 8 437
837 1 773
939 0 654
837 1 539
103 8 376
543 8 43
229 1 545
13 8 698
375 1 298
960 3 336
377 8 339
375 1 299
771 8 684
730 1 440
916 8 161
232 8 724
746 8 12
13 8 684
229 1 539
924 8 254
--------------------------------------
875 1 539
697 1 917
334 8 646
229 1 773
203 1 545
814 1 440
847 8 43
177 8 43
203 1 539
393 8 684
377 8 478
599 1 243
771 8 303
599 1 482
771 8 302
875 1 545
147 1 299
742 1 246
147 1 298
543 8 522
442 8 376
686 8 12
746 8 724
117 8 303
117 8 302
117 8 789
944 8 12
552 8 161
838 0 308
667 0 89
875 1 773
103 8 43
457 8 646
393 8 437
696 8 376
262 1 355
70 0 556
431 1 589
916 8 376
482 1 355
867 1 539
442 8 339
111 1 801
771 8 522
457 8 437
111 1 802
70 0 308
431 0 308
742 1 224
543 8 789
543 8 302
262 1 589
334 8 437
377 8 254
543 8 303
482 1 589
203 1 773
867 1 545
814 1 695
117 8 522
730 1 917
599 1 697
924 8 339
13 8 522
742 1 236
334 8 684
473 0 743
696 8 339
473 0 505
837 1 917
442 8 161
924 8 522
742 1 440
814 1 236
455 1 695
875 1 589
334 8 698
543 8 724
993 1 984
431 1 355
771 8 724
916 8 789
124 1 801
169 3 336
916 8 303
124 1 802
916 8 302
147 1 246
455 1 224
814 1 224
393 8 478
431 0 556
742 1 695
232 8 12
810 1 298
431 1 140
117 8 339
810 1 299
431 1 144
916 8 339
924 8 789
944 8 43
455 1 236
924 8 303
924 8 302
70 0 505
552 8 376
70 0 89
334 8 478
696 8 789
262 1 144
696 8 302
838 0 556
696 8 303
13 8 724
867 1 589
482 1 144
482 1 140
455 1 246
814 1 246
847 8 12
867 1 355
393 8 698
262 1 140
730 1 299
730 1 298
203 1 140
863 8 43
810 1 236
177 8 161
482 1 539
203 1 144
473 0 308
90 8 646
625 8 161
482 1 773
861 1 298
117 8 161
861 1 299
473 0 89
924 8 724
334 8 254
147 1 695
737 8 254
696 8 522
457 8 254
70 0 743
810 1 246
375 1 917
847 8 254
229 1 917
599 1 872
147 1 440
44 1 280
875 1 917
117 8 376
103 8 724
625 8 376
147 1 236
847 8 478
686 8 724
746 8 302
746 8 303
746 8 789
90 8 437
289 1 144
916 8 522
737 8 478
289 1 140
599 1 605
147 1 224
393 8 254
912 1 298
912 1 299
858 8 646
90 8 12
330 1 801
145 8 43
944 8 254
737 8 684
262 1 773
912 1 236
262 1 539
90 8 684
203 1 589
957 1 144
912 1 246
957 1 140
457 8 698
44 1 259
455 1 299
455 1 298
810 1 440
847 8 698
696 8 724
746 8 522
90 8 698
203 1 355
737 8 698
599 1 834
742 1 298
867 1 773
526 0 654
457 8 684
742 1 299
861 1 246
177 8 12
44 1 482
810 1 695
697 1 539
431 1 545
37 1 397
847 8 684
457 8 478
90 8 43
625 8 339
431 0 743
861 1 236
330 1 834
697 1 545
431 0 505
847 8 437
686 8 522
44 1 492
863 8 12
145 8 724
262 1 545
473 0 556
810 1 224
431 1 773
37 1 146
916 8 724
90 8 478
482 1 545
805 0 654
177 8 376
737 8 437
431 1 539
863 8 724
270 3 336
330 1 605
44 1 243
861 1 224
697 1 773
289 1 539
289 1 773
177 8 684
457 8 12
737 8 646
177 8 437
912 1 440
599 1 801
111 1 224
625 8 437
742 1 801
858 8 478
145 8 302
697 1 246
145 8 303
145 8 789
756 8 303
482 1 801
482 1 802
742 1 802
756 8 302
805 0 556
756 8 789
90 8 376
730 1 589
103 8 698
117 8 43
111 1 695
625 8 684
697 1 236
847 8 646
746 8 254
810 1 773
912 0 654
552 8 724
124 1 355
686 8 437
756 8 339
730 1 355
13 8 43
330 1 872
944 8 789
375 1 539
912 1 224
268 0 308
858 8 254
111 1 246
944 8 303
944 8 302
375 1 773
145 8 522
686 8 684
697 1 224
289 1 545
810 1 545
232 8 254
103 8 437
957 1 589
177 8 698
124 1 589
457 8 43
103 8 684
375 1 545
697 1 695
957 1 355
268 0 556
90 8 161
111 1 236
863 8 522
912 1 695
837 1 299
837 1 298
810 1 539
861 1 545
686 8 698
867 1 917
145 8 339
229 1 298
229 1 299
837 1 236
746 8 478
957 1 539
431 1 801
431 1 802
117 8 12
861 1 773
858 8 437
814 1 917
861 1 539
730 1 144
730 1 140
837 1 224
262 1 802
262 1 801
232 8 478
147 1 917
863 8 789
957 1 773
13 8 12
863 8 303
863 8 302
442 8 724
625 8 646
686 8 478
746 8 698
289 1 355
103 8 646
771 8 161
268 0 743
111 1 440
268 0 505
858 8 698
124 1 144
289 1 589
124 1 140
837 1 246
756 8 522
203 1 298
455 1 917
203 1 299
957 1 545
232 8 698
13 8 161
177 8 646
375 1 589
858 8 684
944 8 339
686 8 254
552 8 303
993 1 259
552 8 789
543 8 478
442 8 522
232 8 684
993 1 492
939 0 556
232 8 437
863 8 339
330 1 697
455 1 773
875 1 140
944 8 724
875 1 144
837 1 440
375 1 355
756 8 161
939 0 308
924 8 161
229 1 246
455 1 539
867 1 298
111 1 298
111 1 299
867 1 299
455 1 545
543 8 254
44 1 984
289 1 917
771 8 376
810 1 917
37 1 605
229 1 236
37 1 872
696 8 43
203 1 917
13 8 376
552 8 339
229 1 224
375 1 140
330 1 482
863 8 376
460 0 654
814 1 299
814 1 298
697 1 298
232 8 646
697 1 299
993 1 280
330 1 243
837 1 695
377 8 646
875 1 355
375 1 144
145 8 376
924 8 12
543 8 437
124 1 773
993 1 697
334 8 724
377 8 684
229 1 695
771 8 339
330 1 492
124 1 539
686 8 43
730 1 773
330 1 259
377 8 437
543 8 684
944 8 522
103 8 12
393 8 646
37 1 801
229 1 440
939 0 505
13 8 789
861 1 917
13 8 303
730 1 545
431 0 89
939 0 743
730 1 539
13 8 302
599 1 397
552 8 522
756 8 376
37 1 834
543 8 698
13 8 339
442 8 302
667 0 654
863 8 161
103 8 254
696 8 161
145 8 161
599 1 146
377 8 698
117 8 724
771 8 789
993 1 482
526 0 89
330 1 280
103 8 478
912 1 801
124 1 545
912 1 802
993 1 243
696 8 12
442 8 789
442 8 303
924 8 376
552 8 302
334 8 522
262 1 695
431 1 440
37 1 697
746 8 43
916 8 478
117 8 437
867 1 440
697 1 801
697 1 802
924 8 684
543 8 646
442 8 254
771 8 646
771 8 12
482 1 246
924 8 437
814 1 545
867 1 695
457 8 522
455 1 140
455 1 144
696 8 254
262 1 440
334 8 302
111 1 917
916 8 254
696 8 478
334 8 303
334 8 789
262 1 236
957 1 917
431 1 224
482 1 236
393 8 302
393 8 303
742 1 589
393 8 789
334 8 43
262 1 224
13 8 646
377 8 376
442 8 478
431 1 695
730 1 802
730 1 801
117 8 646
482 1 224
924 8 698
431 0 654
457 8 302
742 1 355
457 8 789
457 8 303
696 8 698
70 0 654
90 8 724
771 8 43
431 1 246
916 8 437
482 1 298
117 8 478
482 1 299
377 8 161
924 8 646
867 1 246
875 1 224
924 8 43
552 8 478
552 8 12
838 0 654
262 1 246
146 3 336
334 8 339
431 1 236
814 1 355
814 1 589
124 1 917
455 1 589
875 1 695
457 8 724
696 8 437
742 1 539
814 1 140
916 8 698
117 8 698
993 1 872
814 1 144
455 1 355
867 1 224
875 1 440
742 1 545
552 8 254
696 8 684
837 1 802
837 1 801
117 8 684
625 8 43
268 0 89
916 8 684
847 8 161
867 1 236
737 8 161
147 1 140
393 8 339
147 1 144
124 1 298
810 1 355
124 1 299
746 8 437
90 8 522
393 8 161
457 8 376
229 1 801
229 1 802
334 8 376
916 8 43
944 8 161
875 1 801
696 8 646
875 1 802
746 8 684
737 8 376
473 0 654
289 1 246
847 8 376
957 1 299
375 1 801
957 1 298
375 1 802
457 8 161
552 8 43
993 1 834
90 8 303
90 8 302
117 8 254
805 0 743
90 8 789
203 1 246
805 0 505
625 8 254
147 1 355
599 1 984
526 0 743
44 1 397
810 1 144
993 1 605
526 0 505
912 0 89
916 8 646
756 8 724
810 1 140
861 1 144
147 1 589
861 1 140
393 8 376
858 8 12
334 8 161
737 8 43
858 8 522
944 8 376
37 1 259
289 1 299
289 1 298
203 1 224
482 1 695
37 1 492
625 8 478
147 1 773
697 1 440
912 0 308
457 8 339
90 8 339
847 8 339
746 8 646
37 1 243
737 8 339
203 1 236
912 1 589
37 1 482
177 8 478
957 1 246
482 1 440
912 1 355
44 1 146
912 0 556
805 0 308
203 1 440
737 8 789
737 8 302
737 8 303
37 1 280
625 8 698
742 1 144
912 1 140
861 1 355
858 8 43
814 1 539
742 1 140
912 1 144
737 8 12
526 0 308
686 8 646
810 1 589
993 1 801
203 1 695
177 8 254
147 1 539
460 0 89
814 1 773
147 1 545
526 0 556
861 1 589
858 8 724
847 8 789
742 1 917
730 1 695
847 8 303
124 1 695
847 8 302
232 8 161
756 8 437
939 0 89
737 8 522
861 1 695
912 0 505
111 1 589
44 1 697
912 0 743
838 0 89
756 8 12
746 8 161
944 8 684
377 8 43
686 8 302
124 1 440
686 8 303
686 8 789
103 8 339
912 1 545
90 8 254
730 1 224
957 1 695
330 1 984
268 0 654
177 8 789
861 1 440
944 8 437
212 3 336
697 1 355
746 8 376
482 1 917
805 0 89
847 8 522
756 8 698
730 1 236
124 1 236
262 1 917
957 1 236
177 8 339
858 8 376
697 1 589
756 8 684
145 8 646
756 8 43
232 8 376
124 1 224
730 1 246
957 1 224
863 8 646
625 8 303
111 1 355
625 8 302
625 8 789
686 8 339
837 1 355
289 1 695
737 8 724
103 8 789
103 8 303
103 8 302
177 8 522
431 1 917
111 1 545
543 8 161
837 1 589
442 8 43
867 1 801
289 1 440
124 1 246
867 1 802
625 8 522
111 1 773
147 1 801
147 1 802
858 8 789
858 8 303
858 8 302
944 8 478
375 1 440
111 1 539
393 8 12
145 8 478
145 8 437
289 1 236
847 8 724
863 8 684
746 8 339
912 1 539
103 8 522
177 8 302
177 8 303
863 8 437
697 1 144
232 8 339
957 1 440
697 1 140
837 1 144
44 1 872
145 8 12
145 8 684
837 1 140
375 1 695
858 8 339
229 1 144
289 1 224
756 8 646
229 1 140
455 1 801
455 1 802
814 1 802
912 1 773
814 1 801
944 8 698
916 8 12
377 8 724
145 8 698
686 8 376
375 1 224
262 1 299
262 1 298
460 0 308
442 8 12
667 0 556
232 8 43
625 8 12
667 0 308
863 8 698
393 8 43
13 8 478
393 8 724
375 1 236
289 1 802
552 8 437
289 1 801
837 1 545
460 0 556
993 1 146
232 8 789
442 8 646
543 8 376
552 8 684
742 1 773
625 8 724
771 8 254
375 1 246
838 0 743
229 1 355
838 0 505
232 8 302
232 8 303
203 1 801
993 1 397
867 1 144
44 1 834
863 8 478
229 1 589
810 1 801
686 8 161
810 1 802
875 1 246
867 1 140
13 8 254
552 8 698
431 1 298
431 1 299
37 1 984
863 8 254
203 1 802
177 8 724
44 1 605
543 8 12
103 8 161
377 8 522
455 1 440
771 8 478
145 8 254
875 1 236
912 1 917
13 8 437
442 8 684
460 0 505
334 8 12
756 8 478
460 0 743
858 8 161
232 8 522
111 1 140
111 1 144
944 8 646
667 0 505
393 8 522
442 8 437
599 1 280
442 8 698
957 1 802
667 0 743
957 1 801
330 1 146
924 8 478
377 8 303
875 1 298
861 1 802
377 8 302
875 1 299
377 8 789
771 8 698
861 1 801
377 8 12
543 8 339
552 8 646
756 8 254
771 8 437
837 1 773
939 0 654
837 1 539
103 8 376
330 1 397
543 8 43
229 1 545
13 8 698
375 1 298
960 3 336
377 8 339
375 1 299
771 8 684
730 1 440
916 8 161
232 8 724
599 1 259
44 1 801
746 8 12
13 8 684
229 1 539
599 1 492
924 8 254
--------------------------------------
875 1 539
697 1 917
285 4 265
334 8 646
229 1 773
203 1 545
814 1 440
614 4 843
847 8 43
177 8 43
203 1 539
660 4 650
393 8 684
596 4 181
377 8 478
599 1 243
660 4 411
771 8 303
599 1 482
771 8 302
875 1 545
147 1 299
742 1 246
147 1 298
543 8 522
442 8 376
0 4 265
686 8 12
746 8 724
117 8 303
117 8 302
117 8 789
944 8 12
614 4 855
552 8 161
838 0 308
667 0 89
875 1 773
660 4 887
103 8 43
457 8 646
393 8 437
696 8 376
262 1 355
434 4 709
70 0 556
191 4 411
434 4 947
431 1 589
916 8 376
482 1 355
867 1 539
442 8 339
111 1 801
191 4 650
771 8 522
457 8 437
111 1 802
70 0 308
431 0 308
742 1 224
543 8 789
543 8 302
262 1 589
334 8 437
377 8 254
543 8 303
482 1 589
203 1 773
285 4 259
867 1 545
814 1 695
117 8 522
730 1 917
599 1 697
924 8 339
13 8 522
742 1 236
334 8 684
473 0 743
438 4 259
696 8 339
473 0 505
837 1 917
442 8 161
434 4 730
924 8 522
742 1 440
814 1 236
438 4 265
455 1 695
875 1 589
660 4 855
334 8 698
543 8 724
191 4 887
993 1 984
431 1 355
771 8 724
916 8 789
124 1 801
169 3 336
916 8 303
124 1 802
916 8 302
147 1 246
455 1 224
814 1 224
434 4 743
393 8 478
431 0 556
660 4 843
742 1 695
232 8 12
810 1 298
431 1 140
117 8 339
191 4 855
810 1 299
431 1 144
0 4 259
916 8 339
924 8 789
944 8 43
455 1 236
924 8 303
434 4 754
924 8 302
70 0 505
552 8 376
70 0 89
334 8 478
696 8 789
262 1 144
696 8 302
838 0 556
696 8 303
13 8 724
285 4 696
285 4 213
867 1 589
482 1 144
482 1 140
455 1 246
814 1 246
847 8 12
867 1 355
393 8 698
262 1 140
730 1 299
730 1 298
203 1 140
863 8 43
810 1 236
177 8 161
482 1 539
438 4 696
203 1 144
438 4 213
473 0 308
90 8 646
434 4 767
625 8 161
482 1 773
861 1 298
117 8 161
861 1 299
473 0 89
924 8 724
660 4 259
334 8 254
147 1 695
191 4 843
737 8 254
696 8 522
457 8 254
70 0 743
810 1 246
375 1 917
847 8 254
229 1 917
614 4 696
614 4 213
599 1 872
147 1 440
44 1 280
875 1 917
117 8 376
103 8 724
285 4 887
625 8 376
147 1 236
847 8 478
686 8 724
285 4 650
746 8 302
746 8 303
285 4 411
746 8 789
90 8 437
289 1 144
916 8 522
737 8 478
289 1 140
599 1 605
147 1 224
393 8 254
660 4 265
912 1 298
912 1 299
858 8 646
90 8 12
330 1 801
145 8 43
944 8 254
737 8 684
262 1 773
438 4 411
912 1 236
614 4 650
262 1 539
90 8 684
203 1 589
614 4 887
957 1 144
912 1 246
660 4 696
957 1 140
457 8 698
44 1 259
660 4 213
455 1 299
455 1 298
810 1 440
438 4 887
847 8 698
696 8 724
746 8 522
90 8 698
203 1 355
737 8 698
599 1 834
742 1 298
614 4 411
867 1 773
438 4 650
526 0 654
457 8 684
742 1 299
861 1 246
596 4 379
177 8 12
44 1 482
810 1 695
697 1 539
431 1 545
37 1 397
285 4 843
847 8 684
457 8 478
90 8 43
625 8 339
431 0 743
861 1 236
330 1 834
697 1 545
431 0 505
847 8 437
686 8 522
44 1 492
863 8 12
145 8 724
262 1 545
473 0 556
810 1 224
431 1 773
37 1 146
916 8 724
90 8 478
482 1 545
285 4 855
805 0 654
177 8 376
737 8 437
431 1 539
863 8 724
270 3 336
330 1 605
44 1 243
861 1 224
697 1 773
289 1 539
438 4 855
289 1 773
177 8 684
457 8 12
737 8 646
177 8 437
912 1 440
599 1 801
0 4 947
434 4 379
0 4 709
111 1 224
625 8 437
742 1 801
858 8 478
145 8 302
697 1 246
145 8 303
145 8 789
438 4 843
756 8 303
482 1 801
482 1 802
742 1 802
756 8 302
805 0 556
756 8 789
90 8 376
730 1 589
103 8 698
117 8 43
111 1 695
625 8 684
596 4 855
697 1 236
847 8 646
746 8 254
810 1 773
912 0 654
552 8 724
124 1 355
686 8 437
0 4 730
756 8 339
730 1 355
13 8 43
330 1 872
944 8 789
375 1 539
912 1 224
268 0 308
858 8 254
111 1 246
596 4 843
944 8 303
944 8 302
375 1 773
145 8 522
686 8 684
697 1 224
289 1 545
810 1 545
232 8 254
103 8 437
957 1 589
177 8 698
124 1 589
457 8 43
103 8 684
375 1 545
697 1 695
957 1 355
268 0 556
90 8 161
111 1 236
863 8 522
912 1 695
837 1 299
837 1 298
810 1 539
861 1 545
686 8 698
867 1 917
145 8 339
229 1 298
229 1 299
837 1 236
746 8 478
957 1 539
431 1 801
431 1 802
117 8 12
861 1 773
858 8 437
814 1 917
861 1 539
730 1 144
730 1 140
837 1 224
262 1 802
262 1 801
614 4 265
232 8 478
147 1 917
863 8 789
957 1 773
13 8 12
596 4 650
863 8 303
863 8 302
614 4 259
442 8 724
625 8 646
434 4 181
596 4 411
686 8 478
746 8 698
289 1 355
103 8 646
771 8 161
268 0 743
111 1 440
268 0 505
596 4 887
858 8 698
124 1 144
289 1 589
124 1 140
837 1 246
756 8 522
203 1 298
455 1 917
203 1 299
957 1 545
232 8 698
13 8 161
177 8 646
375 1 589
191 4 181
858 8 684
944 8 339
686 8 254
552 8 303
993 1 259
552 8 789
543 8 478
442 8 522
232 8 684
993 1 492
939 0 556
232 8 437
863 8 339
330 1 697
455 1 773
875 1 140
944 8 724
875 1 144
837 1 440
375 1 355
756 8 161
939 0 308
924 8 161
229 1 246
455 1 539
867 1 298
111 1 298
111 1 299
867 1 299
455 1 545
543 8 254
44 1 984
289 1 917
771 8 376
810 1 917
37 1 605
660 4 947
660 4 709
191 4 379
229 1 236
37 1 872
696 8 43
203 1 917
13 8 376
552 8 339
229 1 224
375 1 140
330 1 482
863 8 376
460 0 654
814 1 299
814 1 298
697 1 298
232 8 646
697 1 299
993 1 280
330 1 243
837 1 695
377 8 646
875 1 355
375 1 144
145 8 376
924 8 12
543 8 437
124 1 773
993 1 697
334 8 724
377 8 684
229 1 695
771 8 339
330 1 492
0 4 754
124 1 539
686 8 43
730 1 773
330 1 259
377 8 437
543 8 684
944 8 522
103 8 12
285 4 181
393 8 646
37 1 801
229 1 440
939 0 505
13 8 789
861 1 917
13 8 303
0 4 743
730 1 545
431 0 89
939 0 743
730 1 539
13 8 302
599 1 397
552 8 522
756 8 376
37 1 834
543 8 698
13 8 339
442 8 302
667 0 654
863 8 161
103 8 254
696 8 161
145 8 161
599 1 146
377 8 698
117 8 724
771 8 789
993 1 482
526 0 89
330 1 280
103 8 478
912 1 801
124 1 545
0 4 767
912 1 802
993 1 243
696 8 12
442 8 789
442 8 303
924 8 376
552 8 302
334 8 522
262 1 695
431 1 440
37 1 697
746 8 43
916 8 478
117 8 437
867 1 440
438 4 181
697 1 801
697 1 802
924 8 684
543 8 646
442 8 254
771 8 646
771 8 12
482 1 246
924 8 437
814 1 545
614 4 730
867 1 695
457 8 522
455 1 140
455 1 144
660 4 767
696 8 254
262 1 440
334 8 302
111 1 917
916 8 254
696 8 478
334 8 303
334 8 789
262 1 236
957 1 917
431 1 224
482 1 236
393 8 302
393 8 303
742 1 589
614 4 709
614 4 947
393 8 789
334 8 43
262 1 224
13 8 646
377 8 376
442 8 478
431 1 695
730 1 802
285 4 379
730 1 801
117 8 646
482 1 224
924 8 698
431 0 654
457 8 302
742 1 355
457 8 789
457 8 303
696 8 698
70 0 654
438 4 379
90 8 724
771 8 43
431 1 246
191 4 754
916 8 437
482 1 298
117 8 478
482 1 299
434 4 843
377 8 161
924 8 646
867 1 246
660 4 730
875 1 224
924 8 43
552 8 478
552 8 12
191 4 767
838 0 654
262 1 246
146 3 336
334 8 339
431 1 236
434 4 855
814 1 355
814 1 589
124 1 917
455 1 589
875 1 695
457 8 724
696 8 437
742 1 539
191 4 730
814 1 140
0 4 379
916 8 698
117 8 698
993 1 872
814 1 144
455 1 355
867 1 224
875 1 440
742 1 545
552 8 254
660 4 754
696 8 684
837 1 802
837 1 801
191 4 743
117 8 684
625 8 43
268 0 89
916 8 684
847 8 161
867 1 236
737 8 161
147 1 140
660 4 743
393 8 339
147 1 144
124 1 298
810 1 355
124 1 299
746 8 437
90 8 522
434 4 887
434 4 411
393 8 161
434 4 650
660 4 379
457 8 376
229 1 801
229 1 802
334 8 376
916 8 43
944 8 161
875 1 801
696 8 646
875 1 802
746 8 684
737 8 376
473 0 654
289 1 246
847 8 376
957 1 299
375 1 801
957 1 298
375 1 802
596 4 696
596 4 213
457 8 161
552 8 43
993 1 834
90 8 303
90 8 302
117 8 254
805 0 743
90 8 789
203 1 246
285 4 767
805 0 505
625 8 254
147 1 355
599 1 984
526 0 743
44 1 397
810 1 144
993 1 605
526 0 505
912 0 89
916 8 646
191 4 709
756 8 724
810 1 140
191 4 947
861 1 144
147 1 589
861 1 140
393 8 376
858 8 12
334 8 161
737 8 43
858 8 522
944 8 376
37 1 259
289 1 299
285 4 743
289 1 298
203 1 224
482 1 695
37 1 492
434 4 213
434 4 696
614 4 767
625 8 478
147 1 773
596 4 265
697 1 440
912 0 308
457 8 339
438 4 767
90 8 339
847 8 339
746 8 646
37 1 243
285 4 754
737 8 339
203 1 236
912 1 589
37 1 482
177 8 478
957 1 246
482 1 440
912 1 355
596 4 259
44 1 146
912 0 556
0 4 181
805 0 308
203 1 440
737 8 789
737 8 302
737 8 303
37 1 280
625 8 698
742 1 144
912 1 140
861 1 355
858 8 43
814 1 539
742 1 140
912 1 144
614 4 743
737 8 12
526 0 308
686 8 646
810 1 589
993 1 801
285 4 730
203 1 695
177 8 254
147 1 539
460 0 89
814 1 773
147 1 545
614 4 754
526 0 556
861 1 589
858 8 724
847 8 789
742 1 917
730 1 695
847 8 303
124 1 695
847 8 302
232 8 161
438 4 730
756 8 437
939 0 89
737 8 522
285 4 947
861 1 695
434 4 259
912 0 505
111 1 589
596 4 743
44 1 697
912 0 743
838 0 89
756 8 12
746 8 161
944 8 684
377 8 43
686 8 302
124 1 440
686 8 303
614 4 181
686 8 789
103 8 339
912 1 545
90 8 254
730 1 224
957 1 695
330 1 984
268 0 654
177 8 789
861 1 440
285 4 709
944 8 437
434 4 265
212 3 336
697 1 355
596 4 730
746 8 376
482 1 917
805 0 89
847 8 522
438 4 754
756 8 698
730 1 236
124 1 236
0 4 855
262 1 917
957 1 236
177 8 339
858 8 376
697 1 589
756 8 684
145 8 646
756 8 43
596 4 709
438 4 743
596 4 947
0 4 843
232 8 376
124 1 224
730 1 246
957 1 224
863 8 646
625 8 303
111 1 355
625 8 302
625 8 789
686 8 339
837 1 355
289 1 695
737 8 724
103 8 789
103 8 303
103 8 302
177 8 522
431 1 917
111 1 545
543 8 161
837 1 589
442 8 43
867 1 801
289 1 440
124 1 246
867 1 802
625 8 522
111 1 773
147 1 801
147 1 802
614 4 379
858 8 789
858 8 303
858 8 302
944 8 478
375 1 440
111 1 539
393 8 12
145 8 478
145 8 437
289 1 236
847 8 724
863 8 684
746 8 339
912 1 539
103 8 522
177 8 302
177 8 303
863 8 437
697 1 144
232 8 339
957 1 440
697 1 140
837 1 144
44 1 872
596 4 767
145 8 12
145 8 684
837 1 140
375 1 695
858 8 339
229 1 144
289 1 224
756 8 646
438 4 709
229 1 140
660 4 181
438 4 947
455 1 801
455 1 802
814 1 802
912 1 773
814 1 801
596 4 754
944 8 698
916 8 12
377 8 724
145 8 698
686 8 376
375 1 224
262 1 299
262 1 298
460 0 308
442 8 12
667 0 556
232 8 43
625 8 12
667 0 308
863 8 698
393 8 43
13 8 478
393 8 724
375 1 236
289 1 802
552 8 437
289 1 801
837 1 545
460 0 556
993 1 146
232 8 789
442 8 646
543 8 376
552 8 684
742 1 773
625 8 724
771 8 254
375 1 246
838 0 743
229 1 355
0 4 696
838 0 505
191 4 259
0 4 213
232 8 302
232 8 303
203 1 801
993 1 397
867 1 144
44 1 834
863 8 478
229 1 589
810 1 801
686 8 161
810 1 802
875 1 246
867 1 140
13 8 254
552 8 698
431 1 298
431 1 299
37 1 984
863 8 254
203 1 802
177 8 724
44 1 605
543 8 12
103 8 161
377 8 522
455 1 440
191 4 265
771 8 478
145 8 254
875 1 236
912 1 917
13 8 437
442 8 684
460 0 505
334 8 12
756 8 478
460 0 743
858 8 161
232 8 522
111 1 140
111 1 144
944 8 646
667 0 505
393 8 522
442 8 437
599 1 280
442 8 698
957 1 802
667 0 743
957 1 801
330 1 146
924 8 478
377 8 303
875 1 298
861 1 802
377 8 302
875 1 299
377 8 789
771 8 698
861 1 801
377 8 12
543 8 339
552 8 646
756 8 254
771 8 437
191 4 696
191 4 213
837 1 773
0 4 650
0 4 411
939 0 654
837 1 539
103 8 376
330 1 397
543 8 43
229 1 545
13 8 698
375 1 298
960 3 336
377 8 339
375 1 299
771 8 684
730 1 440
916 8 161
0 4 887
232 8 724
599 1 259
44 1 801
746 8 12
13 8 684
229 1 539
599 1 492
924 8 254
--------------------------------------
875 1 539
697 1 917
285 4 265
334 8 646
229 1 773
680 3 167
203 1 545
814 1 440
614 4 843
847 8 43
177 8 43
203 1 539
660 4 650
393 8 684
596 4 181
377 8 478
599 1 243
660 4 411
771 8 303
599 1 482
771 8 302
875 1 545
147 1 299
742 1 246
147 1 298
543 8 522
442 8 376
0 4 265
686 8 12
746 8 724
117 8 303
117 8 302
117 8 789
944 8 12
614 4 855
552 8 161
838 0 308
667 0 89
875 1 773
660 4 887
103 8 43
680 3 173
457 8 646
393 8 437
696 8 376
262 1 355
434 4 709
70 0 556
191 4 411
434 4 947
431 1 589
916 8 376
482 1 355
867 1 539
442 8 339
111 1 801
191 4 650
771 8 522
457 8 437
111 1 802
70 0 308
431 0 308
742 1 224
543 8 789
543 8 302
262 1 589
334 8 437
377 8 254
543 8 303
482 1 589
203 1 773
285 4 259
867 1 545
814 1 695
117 8 522
730 1 917
599 1 697
924 8 339
13 8 522
371 3 106
742 1 236
371 3 102
334 8 684
473 0 743
438 4 259
596 3 173
696 8 339
473 0 505
837 1 917
442 8 161
434 4 730
924 8 522
742 1 440
814 1 236
371 3 517
438 4 265
455 1 695
875 1 589
660 4 855
334 8 698
543 8 724
191 4 887
993 1 984
431 1 355
771 8 724
916 8 789
124 1 801
169 3 336
916 8 303
124 1 802
916 8 302
147 1 246
455 1 224
814 1 224
434 4 743
393 8 478
431 0 556
660 4 843
742 1 695
232 8 12
810 1 298
431 1 140
117 8 339
191 4 855
810 1 299
431 1 144
0 4 259
916 8 339
924 8 789
944 8 43
455 1 236
924 8 303
434 4 754
924 8 302
70 0 505
552 8 376
70 0 89
334 8 478
596 3 167
696 8 789
262 1 144
696 8 302
838 0 556
696 8 303
13 8 724
285 4 696
285 4 213
867 1 589
482 1 144
482 1 140
455 1 246
814 1 246
847 8 12
867 1 355
143 3 106
393 8 698
143 3 102
262 1 140
730 1 299
730 1 298
203 1 140
863 8 43
810 1 236
177 8 161
482 1 539
438 4 696
203 1 144
438 4 213
473 0 308
90 8 646
434 4 767
592 3 167
625 8 161
482 1 773
861 1 298
117 8 161
861 1 299
473 0 89
924 8 724
660 4 259
334 8 254
147 1 695
191 4 843
737 8 254
696 8 522
457 8 254
70 0 743
810 1 246
425 3 426
375 1 917
847 8 254
229 1 917
614 4 696
614 4 213
599 1 872
147 1 440
371 3 167
371 3 173
44 1 280
875 1 917
117 8 376
103 8 724
285 4 887
625 8 376
147 1 236
847 8 478
686 8 724
285 4 650
746 8 302
746 8 303
285 4 411
746 8 789
90 8 437
289 1 144
916 8 522
737 8 478
289 1 140
599 1 605
147 1 224
592 3 173
393 8 254
660 4 265
912 1 298
912 1 299
596 3 517
858 8 646
90 8 12
330 1 801
145 8 43
944 8 254
737 8 684
262 1 773
438 4 411
912 1 236
614 4 650
262 1 539
90 8 684
203 1 589
614 4 887
957 1 144
912 1 246
64 3 426
660 4 696
957 1 140
457 8 698
44 1 259
660 4 213
455 1 299
455 1 298
143 3 173
810 1 440
438 4 887
847 8 698
696 8 724
746 8 522
90 8 698
203 1 355
596 3 106
737 8 698
596 3 102
599 1 834
742 1 298
614 4 411
867 1 773
438 4 650
143 3 167
526 0 654
457 8 684
742 1 299
861 1 246
596 4 379
177 8 12
44 1 482
810 1 695
697 1 539
431 1 545
37 1 397
285 4 843
847 8 684
991 3 426
457 8 478
90 8 43
625 8 339
431 0 743
861 1 236
330 1 834
697 1 545
431 0 505
847 8 437
686 8 522
44 1 492
863 8 12
145 8 724
262 1 545
473 0 556
810 1 224
431 1 773
37 1 146
916 8 724
90 8 478
482 1 545
285 4 855
805 0 654
177 8 376
737 8 437
431 1 539
863 8 724
270 3 336
330 1 605
44 1 243
861 1 224
697 1 773
289 1 539
438 4 855
289 1 773
177 8 684
457 8 12
737 8 646
177 8 437
912 1 440
599 1 801
0 4 947
434 4 379
616 3 426
0 4 709
111 1 224
625 8 437
742 1 801
64 3 742
858 8 478
145 8 302
697 1 246
145 8 303
145 8 789
438 4 843
756 8 303
482 1 801
482 1 802
742 1 802
756 8 302
805 0 556
756 8 789
353 3 625
680 3 618
90 8 376
730 1 589
103 8 698
117 8 43
111 1 695
991 3 517
353 3 618
625 8 684
596 4 855
697 1 236
847 8 646
746 8 254
810 1 773
912 0 654
552 8 724
124 1 355
686 8 437
0 4 730
756 8 339
730 1 355
13 8 43
330 1 872
991 3 742
944 8 789
375 1 539
912 1 224
268 0 308
858 8 254
111 1 246
596 4 843
944 8 303
944 8 302
375 1 773
145 8 522
686 8 684
697 1 224
289 1 545
810 1 545
232 8 254
103 8 437
957 1 589
177 8 698
124 1 589
457 8 43
64 3 517
103 8 684
375 1 545
697 1 695
957 1 355
268 0 556
90 8 161
111 1 236
863 8 522
912 1 695
837 1 299
837 1 298
810 1 539
861 1 545
686 8 698
867 1 917
145 8 339
229 1 298
229 1 299
837 1 236
746 8 478
957 1 539
431 1 801
431 1 802
117 8 12
861 1 773
616 3 625
858 8 437
814 1 917
861 1 539
425 3 742
730 1 144
730 1 140
837 1 224
262 1 802
262 1 801
596 3 625
614 4 265
232 8 478
147 1 917
863 8 789
957 1 773
13 8 12
596 4 650
596 3 618
863 8 303
863 8 302
614 4 259
442 8 724
625 8 646
434 4 181
596 4 411
686 8 478
616 3 10
425 3 517
746 8 698
592 3 426
289 1 355
103 8 646
680 3 625
771 8 161
268 0 743
111 1 440
268 0 505
596 4 887
858 8 698
124 1 144
289 1 589
124 1 140
837 1 246
756 8 522
203 1 298
455 1 917
203 1 299
957 1 545
232 8 698
13 8 161
177 8 646
375 1 589
191 4 181
858 8 684
944 8 339
686 8 254
552 8 303
993 1 259
552 8 789
543 8 478
442 8 522
232 8 684
993 1 492
939 0 556
232 8 437
863 8 339
330 1 697
455 1 773
875 1 140
944 8 724
875 1 144
837 1 440
375 1 355
756 8 161
939 0 308
924 8 161
229 1 246
455 1 539
867 1 298
111 1 298
111 1 299
867 1 299
455 1 545
543 8 254
44 1 984
289 1 917
771 8 376
810 1 917
37 1 605
660 4 947
592 3 625
660 4 709
191 4 379
229 1 236
37 1 872
680 3 426
371 3 618
696 8 43
203 1 917
13 8 376
592 3 618
552 8 339
229 1 224
375 1 140
330 1 482
863 8 376
460 0 654
814 1 299
814 1 298
697 1 298
232 8 646
697 1 299
993 1 280
330 1 243
371 3 625
837 1 695
377 8 646
875 1 355
375 1 144
145 8 376
924 8 12
543 8 437
124 1 773
993 1 697
334 8 724
377 8 684
229 1 695
771 8 339
330 1 492
0 4 754
124 1 539
686 8 43
730 1 773
330 1 259
377 8 437
543 8 684
944 8 522
103 8 12
285 4 181
393 8 646
37 1 801
229 1 440
939 0 505
13 8 789
861 1 917
13 8 303
0 4 743
353 3 426
730 1 545
431 0 89
939 0 743
730 1 539
13 8 302
599 1 397
552 8 522
756 8 376
37 1 834
543 8 698
13 8 339
442 8 302
667 0 654
863 8 161
103 8 254
143 3 517
696 8 161
371 3 10
145 8 161
599 1 146
377 8 698
117 8 724
771 8 789
993 1 482
526 0 89
330 1 280
103 8 478
912 1 801
124 1 545
0 4 767
912 1 802
993 1 243
696 8 12
143 3 742
442 8 789
442 8 303
924 8 376
552 8 302
334 8 522
262 1 695
431 1 440
37 1 697
353 3 173
746 8 43
916 8 478
117 8 437
867 1 440
438 4 181
697 1 801
697 1 802
924 8 684
543 8 646
442 8 254
771 8 646
771 8 12
482 1 246
924 8 437
814 1 545
614 4 730
867 1 695
457 8 522
455 1 140
455 1 144
660 4 767
696 8 254
262 1 440
334 8 302
111 1 917
916 8 254
696 8 478
334 8 303
334 8 789
262 1 236
957 1 917
431 1 224
482 1 236
393 8 302
425 3 167
393 8 303
742 1 589
614 4 709
614 4 947
393 8 789
334 8 43
262 1 224
13 8 646
377 8 376
442 8 478
431 1 695
730 1 802
285 4 379
730 1 801
117 8 646
482 1 224
924 8 698
425 3 173
431 0 654
143 3 426
457 8 302
991 3 173
742 1 355
457 8 789
457 8 303
696 8 698
70 0 654
438 4 379
90 8 724
771 8 43
431 1 246
191 4 754
916 8 437
482 1 298
117 8 478
482 1 299
434 4 843
377 8 161
924 8 646
867 1 246
660 4 730
875 1 224
596 3 10
991 3 167
924 8 43
552 8 478
552 8 12
191 4 767
838 0 654
262 1 246
146 3 336
334 8 339
431 1 236
434 4 855
814 1 355
814 1 589
124 1 917
455 1 589
875 1 695
457 8 724
696 8 437
64 3 173
742 1 539
191 4 730
814 1 140
0 4 379
916 8 698
117 8 698
993 1 872
814 1 144
455 1 355
867 1 224
875 1 440
742 1 545
552 8 254
660 4 754
696 8 684
64 3 167
837 1 802
837 1 801
353 3 167
191 4 743
117 8 684
625 8 43
268 0 89
916 8 684
847 8 161
867 1 236
371 3 426
737 8 161
147 1 140
660 4 743
393 8 339
147 1 144
124 1 298
810 1 355
124 1 299
746 8 437
90 8 522
434 4 887
434 4 411
393 8 161
64 3 106
434 4 650
660 4 379
64 3 102
457 8 376
229 1 801
229 1 802
334 8 376
916 8 43
944 8 161
875 1 801
696 8 646
875 1 802
746 8 684
737 8 376
473 0 654
289 1 246
596 3 426
847 8 376
957 1 299
375 1 801
957 1 298
375 1 802
425 3 10
596 4 696
596 4 213
457 8 161
552 8 43
993 1 834
90 8 303
90 8 302
117 8 254
805 0 743
90 8 789
203 1 246
285 4 767
805 0 505
625 8 254
147 1 355
991 3 106
599 1 984
526 0 743
44 1 397
991 3 102
810 1 144
143 3 10
993 1 605
526 0 505
912 0 89
916 8 646
191 4 709
756 8 724
810 1 140
191 4 947
861 1 144
147 1 589
861 1 140
393 8 376
858 8 12
334 8 161
737 8 43
616 3 618
858 8 522
944 8 376
37 1 259
289 1 299
285 4 743
289 1 298
203 1 224
482 1 695
37 1 492
434 4 213
434 4 696
614 4 767
625 8 478
147 1 773
596 4 265
697 1 440
912 0 308
425 3 102
457 8 339
438 4 767
90 8 339
425 3 106
847 8 339
746 8 646
37 1 243
285 4 754
737 8 339
203 1 236
912 1 589
37 1 482
177 8 478
957 1 246
482 1 440
912 1 355
596 4 259
44 1 146
912 0 556
0 4 181
805 0 308
203 1 440
737 8 789
737 8 302
737 8 303
37 1 280
625 8 698
742 1 144
912 1 140
861 1 355
858 8 43
814 1 539
742 1 140
912 1 144
614 4 743
737 8 12
526 0 308
686 8 646
810 1 589
993 1 801
285 4 730
203 1 695
177 8 254
147 1 539
460 0 89
814 1 773
147 1 545
614 4 754
526 0 556
861 1 589
858 8 724
847 8 789
742 1 917
730 1 695
847 8 303
124 1 695
847 8 302
232 8 161
438 4 730
756 8 437
939 0 89
737 8 522
285 4 947
861 1 695
434 4 259
64 3 625
912 0 505
111 1 589
596 4 743
44 1 697
912 0 743
838 0 89
756 8 12
746 8 161
944 8 684
377 8 43
686 8 302
124 1 440
686 8 303
614 4 181
686 8 789
103 8 339
912 1 545
90 8 254
730 1 224
353 3 742
957 1 695
330 1 984
268 0 654
177 8 789
861 1 440
64 3 618
285 4 709
944 8 437
434 4 265
212 3 336
697 1 355
596 4 730
746 8 376
482 1 917
805 0 89
847 8 522
438 4 754
592 3 106
756 8 698
353 3 517
592 3 102
991 3 618
730 1 236
124 1 236
0 4 855
262 1 917
957 1 236
177 8 339
858 8 376
991 3 625
697 1 589
756 8 684
145 8 646
756 8 43
596 4 709
438 4 743
596 4 947
0 4 843
64 3 10
232 8 376
124 1 224
730 1 246
957 1 224
863 8 646
625 8 303
111 1 355
625 8 302
625 8 789
425 3 618
686 8 339
837 1 355
289 1 695
737 8 724
103 8 789
103 8 303
103 8 302
177 8 522
616 3 742
431 1 917
111 1 545
543 8 161
592 3 517
837 1 589
442 8 43
425 3 625
867 1 801
289 1 440
124 1 246
596 3 742
867 1 802
625 8 522
111 1 773
147 1 801
147 1 802
614 4 379
858 8 789
858 8 303
858 8 302
944 8 478
375 1 440
616 3 517
111 1 539
393 8 12
145 8 478
145 8 437
680 3 742
289 1 236
847 8 724
863 8 684
746 8 339
912 1 539
103 8 522
177 8 302
177 8 303
863 8 437
697 1 144
232 8 339
957 1 440
697 1 140
837 1 144
44 1 872
596 4 767
145 8 12
145 8 684
837 1 140
375 1 695
858 8 339
229 1 144
289 1 224
680 3 517
756 8 646
438 4 709
229 1 140
660 4 181
438 4 947
455 1 801
455 1 802
814 1 802
912 1 773
814 1 801
596 4 754
944 8 698
916 8 12
377 8 724
145 8 698
686 8 376
375 1 224
262 1 299
262 1 298
991 3 10
460 0 308
442 8 12
667 0 556
232 8 43
625 8 12
667 0 308
863 8 698
393 8 43
13 8 478
393 8 724
375 1 236
353 3 102
289 1 802
552 8 437
289 1 801
837 1 545
460 0 556
353 3 106
993 1 146
232 8 789
442 8 646
543 8 376
552 8 684
742 1 773
625 8 724
771 8 254
375 1 246
838 0 743
229 1 355
0 4 696
838 0 505
191 4 259
592 3 742
616 3 173
0 4 213
232 8 302
232 8 303
203 1 801
993 1 397
867 1 144
616 3 167
44 1 834
863 8 478
229 1 589
810 1 801
686 8 161
810 1 802
875 1 246
867 1 140
13 8 254
552 8 698
431 1 298
431 1 299
37 1 984
863 8 254
203 1 802
177 8 724
44 1 605
543 8 12
103 8 161
371 3 742
377 8 522
455 1 440
191 4 265
771 8 478
145 8 254
875 1 236
912 1 917
13 8 437
442 8 684
460 0 505
334 8 12
756 8 478
460 0 743
858 8 161
232 8 522
111 1 140
111 1 144
616 3 102
944 8 646
667 0 505
616 3 106
393 8 522
442 8 437
599 1 280
442 8 698
957 1 802
667 0 743
957 1 801
330 1 146
924 8 478
377 8 303
875 1 298
861 1 802
377 8 302
875 1 299
377 8 789
771 8 698
861 1 801
377 8 12
353 3 10
543 8 339
680 3 102
680 3 10
552 8 646
756 8 254
771 8 437
191 4 696
191 4 213
837 1 773
0 4 650
0 4 411
680 3 106
939 0 654
837 1 539
103 8 376
330 1 397
543 8 43
229 1 545
13 8 698
375 1 298
960 3 336
377 8 339
375 1 299
771 8 684
730 1 440
916 8 161
0 4 887
143 3 618
592 3 10
143 3 625
232 8 724
599 1 259
44 1 801
746 8 12
13 8 684
229 1 539
599 1 492
924 8 254
--------------------------------------
875 1 539
697 1 917
285 4 265
229 1 773
999 6 224
680 3 167
203 1 545
814 1 440
60 6 355
614 4 843
600 6 802
203 1 539
600 6 801
660 4 650
596 4 181
599 1 243
660 4 411
599 1 482
875 1 545
147 1 299
742 1 246
147 1 298
999 6 236
0 4 265
125 6 917
614 4 855
838 0 308
667 0 89
875 1 773
660 4 887
680 3 173
262 1 355
434 4 709
70 0 556
191 4 411
434 4 947
431 1 589
482 1 355
867 1 539
111 1 801
191 4 650
111 1 802
70 0 308
431 0 308
742 1 224
262 1 589
999 6 695
482 1 589
203 1 773
285 4 259
867 1 545
60 6 589
814 1 695
426 6 589
730 1 917
599 1 697
762 6 298
159 6 917
762 6 299
371 3 106
195 6 440
115 6 440
742 1 236
371 3 102
473 0 743
438 4 259
596 3 173
491 6 224
473 0 505
837 1 917
434 4 730
742 1 440
814 1 236
426 6 355
371 3 517
438 4 265
455 1 695
875 1 589
660 4 855
191 4 887
993 1 984
431 1 355
124 1 801
491 6 695
124 1 802
147 1 246
226 6 298
455 1 224
814 1 224
434 4 743
226 6 299
431 0 556
660 4 843
742 1 695
810 1 298
431 1 140
191 4 855
810 1 299
431 1 144
999 6 246
0 4 259
491 6 246
426 6 144
426 6 140
60 6 140
455 1 236
434 4 754
762 6 246
70 0 505
70 0 89
596 3 167
262 1 144
838 0 556
285 4 696
285 4 213
491 6 236
867 1 589
482 1 144
60 6 144
644 6 299
644 6 298
482 1 140
455 1 246
814 1 246
867 1 355
143 3 106
143 3 102
262 1 140
730 1 299
730 1 298
159 6 298
203 1 140
159 6 299
810 1 236
482 1 539
438 4 696
203 1 144
438 4 213
473 0 308
331 6 246
434 4 767
592 3 167
226 6 236
892 6 246
482 1 773
861 1 298
861 1 299
473 0 89
392 6 589
660 4 259
125 6 773
147 1 695
191 4 843
182 6 246
70 0 743
810 1 246
425 3 426
892 6 236
375 1 917
226 6 246
331 6 236
229 1 917
614 4 696
614 4 213
599 1 872
147 1 440
371 3 167
371 3 173
182 6 236
44 1 280
875 1 917
285 4 887
147 1 236
443 6 355
644 6 917
372 6 801
182 6 224
372 6 802
285 4 650
285 4 411
289 1 144
289 1 140
599 1 605
147 1 224
592 3 173
660 4 265
912 1 298
912 1 299
596 3 517
443 6 589
330 1 801
892 6 440
262 1 773
182 6 695
438 4 411
912 1 236
614 4 650
262 1 539
203 1 589
392 6 140
614 4 887
226 6 440
957 1 144
392 6 144
912 1 246
64 3 426
660 4 696
957 1 140
44 1 259
660 4 213
907 6 917
455 1 299
455 1 298
143 3 173
115 6 695
810 1 440
438 4 887
182 6 440
203 1 355
491 6 299
596 3 106
491 6 298
596 3 102
599 1 834
742 1 298
226 6 695
614 4 411
867 1 773
438 4 650
143 3 167
999 6 440
526 0 654
742 1 299
861 1 246
596 4 379
115 6 224
44 1 482
687 6 917
125 6 545
810 1 695
697 1 539
431 1 545
37 1 397
285 4 843
892 6 224
991 3 426
431 0 743
861 1 236
330 1 834
697 1 545
431 0 505
44 1 492
115 6 236
262 1 545
125 6 539
473 0 556
810 1 224
431 1 773
37 1 146
482 1 545
285 4 855
331 6 298
805 0 654
331 6 299
226 6 224
431 1 539
892 6 695
443 6 140
195 6 802
195 6 801
392 6 355
330 1 605
44 1 243
861 1 224
697 1 773
443 6 144
115 6 246
289 1 539
60 6 917
438 4 855
159 6 695
289 1 773
372 6 298
372 6 299
912 1 440
599 1 801
0 4 947
434 4 379
616 3 426
687 6 224
0 4 709
600 6 246
111 1 224
742 1 801
64 3 742
697 1 246
159 6 224
438 4 843
482 1 801
482 1 802
742 1 802
999 6 917
805 0 556
353 3 625
680 3 618
730 1 589
226 6 773
111 1 695
991 3 517
353 3 618
600 6 236
596 4 855
697 1 236
125 6 589
810 1 773
912 0 654
124 1 355
0 4 730
226 6 539
730 1 355
331 6 545
331 6 539
687 6 440
330 1 872
991 3 742
375 1 539
912 1 224
600 6 224
268 0 308
111 1 246
596 4 843
375 1 773
125 6 355
697 1 224
159 6 246
907 6 589
289 1 545
810 1 545
331 6 773
957 1 589
644 6 773
124 1 589
226 6 545
64 3 517
375 1 545
697 1 695
957 1 355
268 0 556
111 1 236
687 6 695
912 1 695
837 1 299
837 1 298
810 1 539
861 1 545
159 6 236
867 1 917
229 1 298
229 1 299
837 1 236
182 6 299
182 6 298
600 6 299
957 1 539
600 6 298
431 1 801
431 1 802
861 1 773
616 3 625
426 6 917
443 6 773
814 1 917
861 1 539
425 3 742
115 6 298
115 6 299
730 1 144
730 1 140
837 1 224
262 1 802
262 1 801
596 3 625
614 4 265
147 1 917
957 1 773
596 4 650
596 3 618
614 4 259
434 4 181
596 4 411
616 3 10
425 3 517
907 6 773
592 3 426
289 1 355
680 3 625
331 6 589
268 0 743
111 1 440
268 0 505
596 4 887
907 6 539
491 6 917
443 6 539
124 1 144
907 6 545
289 1 589
124 1 140
159 6 440
837 1 246
203 1 298
455 1 917
203 1 299
957 1 545
762 6 801
762 6 802
375 1 589
191 4 181
125 6 140
125 6 144
443 6 545
993 1 259
491 6 545
226 6 917
993 1 492
372 6 695
939 0 556
330 1 697
762 6 224
455 1 773
875 1 140
331 6 917
875 1 144
837 1 440
375 1 355
939 0 308
491 6 539
372 6 224
229 1 246
491 6 773
455 1 539
644 6 355
867 1 298
762 6 236
644 6 589
111 1 298
111 1 299
182 6 917
867 1 299
455 1 545
44 1 984
195 6 140
289 1 917
195 6 144
810 1 917
37 1 605
660 4 947
592 3 625
372 6 236
660 4 709
191 4 379
229 1 236
37 1 872
680 3 426
371 3 618
203 1 917
762 6 440
592 3 618
372 6 246
229 1 224
375 1 140
999 6 298
999 6 299
330 1 482
460 0 654
814 1 299
814 1 298
697 1 298
697 1 299
993 1 280
330 1 243
371 3 625
762 6 695
687 6 299
892 6 801
687 6 298
892 6 802
837 1 695
875 1 355
375 1 144
124 1 773
993 1 697
229 1 695
907 6 355
330 1 492
0 4 754
600 6 695
124 1 539
730 1 773
330 1 259
644 6 539
159 6 801
159 6 802
285 4 181
37 1 801
229 1 440
939 0 505
861 1 917
0 4 743
600 6 440
353 3 426
730 1 545
443 6 917
431 0 89
939 0 743
195 6 589
644 6 545
730 1 539
599 1 397
37 1 834
60 6 539
667 0 654
687 6 236
60 6 773
143 3 517
426 6 773
687 6 246
371 3 10
599 1 146
392 6 801
392 6 802
426 6 539
195 6 355
993 1 482
907 6 144
372 6 440
115 6 917
60 6 545
526 0 89
907 6 140
330 1 280
912 1 801
124 1 545
0 4 767
912 1 802
993 1 243
426 6 545
143 3 742
262 1 695
182 6 773
125 6 801
431 1 440
999 6 589
125 6 802
37 1 697
353 3 173
60 6 236
182 6 539
426 6 440
491 6 144
867 1 440
438 4 181
491 6 140
195 6 539
697 1 801
697 1 802
115 6 773
443 6 298
195 6 773
443 6 299
999 6 355
115 6 539
60 6 246
482 1 246
814 1 545
195 6 545
392 6 298
392 6 299
614 4 730
867 1 695
455 1 140
455 1 144
660 4 767
600 6 917
262 1 440
111 1 917
115 6 545
262 1 236
957 1 917
431 1 224
482 1 236
892 6 545
60 6 695
892 6 539
426 6 695
425 3 167
742 1 589
614 4 709
614 4 947
262 1 224
431 1 695
730 1 802
285 4 379
730 1 801
60 6 224
892 6 773
482 1 224
425 3 173
431 0 654
143 3 426
426 6 224
991 3 173
742 1 355
70 0 654
438 4 379
999 6 144
491 6 589
431 1 246
191 4 754
644 6 140
482 1 298
482 1 299
434 4 843
644 6 144
762 6 144
867 1 246
426 6 236
762 6 140
660 4 730
875 1 224
596 3 10
991 3 167
191 4 767
838 0 654
262 1 246
431 1 236
434 4 855
814 1 355
814 1 589
124 1 917
455 1 589
426 6 246
875 1 695
64 3 173
742 1 539
191 4 730
814 1 140
0 4 379
993 1 872
814 1 144
455 1 355
867 1 224
875 1 440
742 1 545
660 4 754
64 3 167
837 1 802
837 1 801
353 3 167
191 4 743
491 6 355
268 0 89
867 1 236
371 3 426
999 6 140
147 1 140
660 4 743
147 1 144
124 1 298
810 1 355
124 1 299
434 4 887
434 4 411
64 3 106
392 6 224
434 4 650
660 4 379
64 3 102
229 1 801
229 1 802
443 6 695
875 1 801
875 1 802
473 0 654
289 1 246
331 6 355
596 3 426
426 6 298
892 6 355
957 1 299
375 1 801
957 1 298
392 6 695
375 1 802
425 3 10
115 6 140
596 4 696
115 6 144
443 6 440
596 4 213
182 6 355
892 6 140
331 6 140
993 1 834
805 0 743
203 1 246
331 6 144
285 4 767
60 6 298
805 0 505
892 6 144
60 6 299
147 1 355
991 3 106
226 6 144
392 6 440
599 1 984
226 6 140
426 6 299
526 0 743
443 6 236
44 1 397
991 3 102
810 1 144
182 6 589
143 3 10
993 1 605
526 0 505
912 0 89
191 4 709
810 1 140
191 4 947
861 1 144
147 1 589
861 1 140
644 6 802
644 6 801
616 3 618
443 6 224
372 6 917
999 6 545
37 1 259
289 1 299
285 4 743
289 1 298
203 1 224
482 1 695
37 1 492
434 4 213
434 4 696
614 4 767
147 1 773
596 4 265
697 1 440
912 0 308
425 3 102
125 6 695
907 6 801
159 6 144
438 4 767
425 3 106
159 6 140
37 1 243
285 4 754
203 1 236
912 1 589
37 1 482
957 1 246
482 1 440
912 1 355
596 4 259
443 6 246
44 1 146
125 6 440
912 0 556
0 4 181
907 6 802
805 0 308
115 6 589
203 1 440
892 6 589
37 1 280
742 1 144
912 1 140
861 1 355
814 1 539
742 1 140
912 1 144
392 6 246
614 4 743
115 6 355
526 0 308
182 6 545
999 6 773
810 1 589
993 1 801
285 4 730
203 1 695
147 1 539
195 6 917
460 0 89
999 6 539
814 1 773
226 6 589
687 6 802
687 6 801
147 1 545
226 6 355
614 4 754
392 6 236
526 0 556
861 1 589
742 1 917
730 1 695
124 1 695
438 4 730
939 0 89
285 4 947
861 1 695
434 4 259
64 3 625
912 0 505
111 1 589
596 4 743
44 1 697
912 0 743
838 0 89
124 1 440
614 4 181
60 6 802
60 6 801
907 6 440
687 6 589
912 1 545
730 1 224
353 3 742
957 1 695
330 1 984
268 0 654
861 1 440
64 3 618
285 4 709
687 6 355
434 4 265
697 1 355
596 4 730
125 6 246
159 6 355
482 1 917
805 0 89
438 4 754
592 3 106
907 6 695
353 3 517
600 6 355
592 3 102
991 3 618
730 1 236
124 1 236
0 4 855
262 1 917
957 1 236
600 6 589
991 3 625
697 1 589
125 6 236
159 6 589
596 4 709
438 4 743
907 6 224
596 4 947
0 4 843
64 3 10
124 1 224
730 1 246
957 1 224
111 1 355
125 6 224
159 6 773
425 3 618
331 6 440
837 1 355
289 1 695
687 6 539
616 3 742
431 1 917
392 6 545
111 1 545
125 6 298
195 6 299
195 6 298
125 6 299
592 3 517
837 1 589
425 3 625
867 1 801
372 6 144
687 6 545
289 1 440
124 1 246
372 6 140
596 3 742
867 1 802
426 6 801
111 1 773
147 1 801
147 1 802
392 6 773
614 4 379
159 6 539
375 1 440
616 3 517
111 1 539
392 6 539
426 6 802
491 6 802
680 3 742
491 6 801
289 1 236
762 6 917
331 6 224
912 1 539
999 6 801
999 6 802
697 1 144
957 1 440
697 1 140
837 1 144
44 1 872
596 4 767
837 1 140
375 1 695
159 6 545
229 1 144
289 1 224
182 6 144
680 3 517
438 4 709
331 6 695
600 6 144
892 6 298
229 1 140
660 4 181
438 4 947
600 6 140
892 6 299
455 1 801
455 1 802
814 1 802
912 1 773
687 6 773
814 1 801
596 4 754
182 6 140
375 1 224
262 1 299
262 1 298
115 6 801
991 3 10
115 6 802
460 0 308
667 0 556
600 6 773
892 6 917
762 6 589
667 0 308
375 1 236
353 3 102
289 1 802
289 1 801
837 1 545
372 6 589
226 6 801
226 6 802
460 0 556
353 3 106
182 6 801
993 1 146
182 6 802
762 6 355
644 6 224
742 1 773
375 1 246
838 0 743
229 1 355
0 4 696
838 0 505
191 4 259
907 6 299
592 3 742
907 6 298
616 3 173
0 4 213
372 6 355
491 6 440
203 1 801
993 1 397
867 1 144
616 3 167
644 6 236
44 1 834
229 1 589
810 1 801
810 1 802
875 1 246
867 1 140
431 1 298
431 1 299
37 1 984
203 1 802
44 1 605
331 6 801
644 6 246
331 6 802
371 3 742
455 1 440
191 4 265
875 1 236
912 1 917
372 6 539
907 6 236
443 6 801
460 0 505
443 6 802
372 6 773
762 6 539
460 0 743
111 1 140
762 6 545
111 1 144
616 3 102
687 6 140
667 0 505
616 3 106
687 6 144
195 6 695
599 1 280
907 6 246
372 6 545
957 1 802
667 0 743
957 1 801
60 6 440
330 1 146
875 1 298
861 1 802
875 1 299
861 1 801
353 3 10
195 6 224
680 3 102
680 3 10
392 6 917
191 4 696
191 4 213
837 1 773
0 4 650
0 4 411
680 3 106
939 0 654
837 1 539
644 6 440
195 6 236
330 1 397
600 6 545
229 1 545
375 1 298
375 1 299
730 1 440
0 4 887
143 3 618
644 6 695
592 3 10
143 3 625
600 6 539
599 1 259
762 6 773
44 1 801
229 1 539
599 1 492
195 6 246
--------------------------------------
511 9 653
875 1 539
697 1 917
241 9 277
285 4 265
229 1 773
999 6 224
680 3 167
203 1 545
735 9 823
735 9 822
814 1 440
60 6 355
614 4 843
600 6 802
203 1 539
600 6 801
660 4 650
596 4 181
599 1 243
660 4 411
599 1 482
722 9 823
722 9 822
875 1 545
147 1 299
742 1 246
147 1 298
999 6 236
114 9 653
0 4 265
953 9 331
125 6 917
904 9 822
904 9 823
230 9 331
948 9 299
614 4 855
838 0 308
667 0 89
875 1 773
660 4 887
680 3 173
262 1 355
434 4 709
70 0 556
191 4 411
434 4 947
431 1 589
979 9 331
482 1 355
867 1 539
66 9 653
587 9 822
685 9 277
587 9 823
111 1 801
191 4 650
111 1 802
70 0 308
431 0 308
742 1 224
262 1 589
999 6 695
482 1 589
203 1 773
285 4 259
228 9 823
228 9 822
867 1 545
60 6 589
814 1 695
353 9 331
426 6 589
927 9 299
730 1 917
599 1 697
762 6 298
159 6 917
762 6 299
371 3 106
195 6 440
115 6 440
742 1 236
371 3 102
620 9 823
473 0 743
438 4 259
596 3 173
620 9 822
491 6 224
473 0 505
837 1 917
434 4 730
742 1 440
814 1 236
562 9 277
426 6 355
371 3 517
685 9 299
438 4 265
455 1 695
875 1 589
660 4 855
191 4 887
701 9 823
701 9 822
993 1 984
431 1 355
124 1 801
491 6 695
124 1 802
275 9 277
147 1 246
226 6 298
455 1 224
814 1 224
434 4 743
226 6 299
431 0 556
660 4 843
638 9 822
638 9 823
742 1 695
982 9 331
810 1 298
431 1 140
191 4 855
114 9 822
114 9 823
810 1 299
431 1 144
999 6 246
0 4 259
491 6 246
5 9 331
426 6 144
205 9 331
426 6 140
60 6 140
455 1 236
786 9 653
434 4 754
762 6 246
920 9 822
70 0 505
920 9 823
70 0 89
596 3 167
347 9 653
262 1 144
735 9 653
838 0 556
285 4 696
285 4 213
491 6 236
867 1 589
482 1 144
60 6 144
644 6 299
275 9 299
644 6 298
482 1 140
455 1 246
814 1 246
909 9 823
909 9 822
867 1 355
143 3 106
143 3 102
262 1 140
202 9 823
202 9 822
730 1 299
730 1 298
318 9 653
159 6 298
203 1 140
159 6 299
810 1 236
482 1 539
438 4 696
203 1 144
438 4 213
473 0 308
331 6 246
434 4 767
904 9 653
592 3 167
226 6 236
892 6 246
482 1 773
139 9 822
139 9 823
861 1 298
861 1 299
999 9 277
473 0 89
392 6 589
660 4 259
125 6 773
147 1 695
191 4 843
182 6 246
347 9 277
70 0 743
810 1 246
425 3 426
892 6 236
375 1 917
226 6 246
331 6 236
229 1 917
614 4 696
614 4 213
599 1 872
147 1 440
371 3 167
847 9 299
371 3 173
182 6 236
511 9 277
44 1 280
875 1 917
285 4 887
147 1 236
562 9 299
443 6 355
644 6 917
372 6 801
182 6 224
555 9 299
347 9 299
372 6 802
285 4 650
700 9 331
285 4 411
685 9 653
289 1 144
66 9 822
289 1 140
599 1 605
66 9 823
147 1 224
592 3 173
587 9 653
660 4 265
912 1 298
912 1 299
596 3 517
443 6 589
330 1 801
847 9 277
892 6 440
952 9 277
262 1 773
203 9 653
511 9 299
182 6 695
438 4 411
912 1 236
614 4 650
262 1 539
203 1 589
701 9 653
392 6 140
614 4 887
226 6 440
94 9 331
957 1 144
392 6 144
786 9 277
912 1 246
64 3 426
660 4 696
957 1 140
856 9 331
44 1 259
660 4 213
907 6 917
455 1 299
455 1 298
143 3 173
115 6 695
810 1 440
438 4 887
242 9 299
182 6 440
203 1 355
491 6 299
596 3 106
491 6 298
596 3 102
599 1 834
742 1 298
226 6 695
614 4 411
867 1 773
438 4 650
143 3 167
999 6 440
526 0 654
742 1 299
861 1 246
509 9 299
596 4 379
115 6 224
44 1 482
687 6 917
125 6 545
952 9 299
810 1 695
241 9 299
697 1 539
431 1 545
37 1 397
909 9 653
285 4 843
959 9 331
892 6 224
999 9 299
234 9 299
991 3 426
431 0 743
202 9 653
861 1 236
330 1 834
697 1 545
638 9 653
431 0 505
44 1 492
115 6 236
43 9 331
139 9 653
262 1 545
125 6 539
242 9 277
473 0 556
810 1 224
431 1 773
37 1 146
482 1 545
285 4 855
331 6 298
318 9 823
805 0 654
331 6 299
226 6 224
948 9 277
318 9 822
431 1 539
892 6 695
443 6 140
193 9 331
195 6 802
920 9 653
195 6 801
392 6 355
330 1 605
44 1 243
861 1 224
509 9 277
697 1 773
443 6 144
115 6 246
289 1 539
872 9 299
60 6 917
438 4 855
159 6 695
289 1 773
372 6 298
372 6 299
344 9 299
912 1 440
599 1 801
0 4 947
434 4 379
616 3 426
687 6 224
234 9 277
0 4 709
600 6 246
111 1 224
742 1 801
64 3 742
94 9 653
697 1 246
159 6 224
438 4 843
322 9 653
482 1 801
482 1 802
742 1 802
170 9 277
999 6 917
805 0 556
353 3 625
680 3 618
730 1 589
226 6 773
111 1 695
991 3 517
353 3 618
600 6 236
596 4 855
697 1 236
125 6 589
959 9 653
810 1 773
912 0 654
124 1 355
0 4 730
226 6 539
344 9 277
730 1 355
331 6 545
331 6 539
687 6 440
330 1 872
991 3 742
375 1 539
912 1 224
600 6 224
268 0 308
111 1 246
596 4 843
43 9 822
43 9 823
375 1 773
125 6 355
555 9 331
697 1 224
159 6 246
907 6 589
289 1 545
810 1 545
331 6 773
319 9 331
957 1 589
644 6 773
124 1 589
226 6 545
64 3 517
375 1 545
697 1 695
957 1 355
920 9 331
268 0 556
111 1 236
687 6 695
912 1 695
837 1 299
837 1 298
810 1 539
861 1 545
159 6 236
193 9 653
867 1 917
229 1 298
229 1 299
837 1 236
182 6 299
182 6 298
600 6 299
957 1 539
600 6 298
431 1 801
562 9 823
431 1 802
562 9 822
587 9 331
856 9 299
861 1 773
638 9 277
379 9 823
616 3 625
379 9 822
426 6 917
443 6 773
814 1 917
861 1 539
425 3 742
115 6 298
115 6 299
620 9 277
730 1 144
730 1 140
242 9 331
837 1 224
203 9 823
203 9 822
262 1 802
262 1 801
596 3 625
614 4 265
147 1 917
957 1 773
847 9 653
596 4 650
895 9 653
596 3 618
614 4 259
509 9 331
434 4 181
644 9 331
596 4 411
616 3 10
425 3 517
228 9 331
601 9 653
907 6 773
592 3 426
289 1 355
878 9 823
878 9 822
700 9 823
700 9 822
680 3 625
331 6 589
856 9 277
268 0 743
111 1 440
999 9 331
268 0 505
596 4 887
907 6 539
491 6 917
443 6 539
124 1 144
907 6 545
289 1 589
124 1 140
159 6 440
837 1 246
203 1 298
170 9 299
455 1 917
203 1 299
159 9 299
957 1 545
762 6 801
762 6 802
375 1 589
230 9 822
191 4 181
230 9 823
125 6 140
125 6 144
443 6 545
993 1 259
601 9 277
491 6 545
226 6 917
993 1 492
372 6 695
939 0 556
330 1 697
762 6 224
455 1 773
875 1 140
331 6 917
875 1 144
837 1 440
375 1 355
322 9 277
939 0 308
491 6 539
959 9 823
372 6 224
959 9 822
229 1 246
139 9 277
159 9 277
491 6 773
455 1 539
644 6 355
867 1 298
762 6 236
644 6 589
111 1 298
111 1 299
182 6 917
867 1 299
455 1 545
44 1 984
195 6 140
289 1 917
195 6 144
810 1 917
37 1 605
660 4 947
952 9 653
592 3 625
372 6 236
601 9 299
660 4 709
191 4 379
229 1 236
37 1 872
680 3 426
371 3 618
638 9 299
203 1 917
762 6 440
193 9 823
193 9 822
592 3 618
511 9 823
372 6 246
170 9 653
511 9 822
229 1 224
375 1 140
999 6 298
999 6 299
139 9 299
330 1 482
234 9 653
460 0 654
814 1 299
814 1 298
697 1 298
344 9 653
697 1 299
379 9 653
927 9 331
993 1 280
330 1 243
371 3 625
762 6 695
687 6 299
892 6 801
687 6 298
892 6 802
837 1 695
94 9 822
94 9 823
875 1 355
375 1 144
124 1 773
993 1 697
229 1 695
907 6 355
330 1 492
0 4 754
600 6 695
124 1 539
730 1 773
330 1 259
644 6 539
847 9 823
847 9 822
159 6 801
114 9 331
159 6 802
285 4 181
37 1 801
167 9 331
229 1 440
939 0 505
620 9 653
861 1 917
878 9 653
952 9 822
0 4 743
952 9 823
600 6 440
353 3 426
730 1 545
443 6 917
431 0 89
230 9 653
939 0 743
195 6 589
644 6 545
722 9 331
730 1 539
599 1 397
982 9 299
872 9 277
37 1 834
347 9 822
60 6 539
667 0 654
687 6 236
347 9 823
60 6 773
953 9 822
953 9 823
562 9 653
552 9 331
143 3 517
426 6 773
687 6 246
371 3 10
895 9 823
895 9 822
599 1 146
66 9 331
392 6 801
392 6 802
426 6 539
322 9 299
195 6 355
993 1 482
907 6 144
372 6 440
115 6 917
60 6 545
526 0 89
907 6 140
275 9 331
330 1 280
912 1 801
124 1 545
0 4 767
912 1 802
993 1 243
426 6 545
786 9 823
143 3 742
786 9 822
982 9 277
262 1 695
182 6 773
125 6 801
431 1 440
999 6 589
125 6 802
37 1 697
353 3 173
60 6 236
182 6 539
426 6 440
491 6 144
234 9 823
234 9 822
867 1 440
438 4 181
491 6 140
856 9 653
644 9 823
195 6 539
697 1 801
697 1 802
644 9 822
115 6 773
443 6 298
195 6 773
443 6 299
167 9 653
43 9 277
999 6 355
115 6 539
878 9 299
60 6 246
482 1 246
814 1 545
195 6 545
392 6 298
392 6 299
614 4 730
5 9 653
867 1 695
455 1 140
455 1 144
660 4 767
600 6 917
262 1 440
111 1 917
115 6 545
262 1 236
957 1 917
431 1 224
482 1 236
170 9 822
205 9 653
892 6 545
170 9 823
60 6 695
892 6 539
562 9 331
344 9 822
426 6 695
344 9 823
425 3 167
742 1 589
614 4 709
614 4 947
262 1 224
347 9 331
431 1 695
700 9 299
730 1 802
285 4 379
730 1 801
60 6 224
159 9 653
892 6 773
482 1 224
425 3 173
431 0 654
143 3 426
426 6 224
991 3 173
742 1 355
203 9 331
318 9 331
70 0 654
438 4 379
999 6 144
491 6 589
555 9 823
431 1 246
191 4 754
555 9 822
644 6 140
482 1 298
482 1 299
434 4 843
644 6 144
94 9 299
552 9 277
762 6 144
867 1 246
426 6 236
762 6 140
660 4 730
875 1 224
596 3 10
991 3 167
191 4 767
838 0 654
262 1 246
953 9 653
700 9 277
431 1 236
434 4 855
786 9 331
814 1 355
814 1 589
379 9 277
124 1 917
455 1 589
426 6 246
875 1 695
511 9 331
872 9 653
241 9 331
64 3 173
959 9 299
982 9 653
742 1 539
191 4 730
979 9 653
814 1 140
0 4 379
993 1 872
814 1 144
552 9 299
455 1 355
867 1 224
875 1 440
742 1 545
660 4 754
64 3 167
837 1 802
837 1 801
353 3 167
43 9 299
191 4 743
878 9 277
230 9 277
491 6 355
268 0 89
193 9 299
379 9 299
867 1 236
371 3 426
353 9 653
167 9 823
999 6 140
147 1 140
660 4 743
167 9 822
856 9 822
147 1 144
856 9 823
124 1 298
810 1 355
124 1 299
959 9 277
322 9 822
322 9 823
701 9 331
895 9 299
434 4 887
159 9 822
159 9 823
434 4 411
5 9 823
5 9 822
64 3 106
392 6 224
434 4 650
660 4 379
64 3 102
229 1 801
229 1 802
443 6 695
875 1 801
875 1 802
979 9 822
948 9 331
979 9 823
953 9 299
473 0 654
289 1 246
331 6 355
230 9 299
596 3 426
426 6 298
892 6 355
957 1 299
193 9 277
375 1 801
957 1 298
392 6 695
375 1 802
425 3 10
115 6 140
596 4 696
115 6 144
443 6 440
644 9 653
596 4 213
182 6 355
892 6 140
331 6 140
993 1 834
909 9 331
805 0 743
203 1 246
331 6 144
285 4 767
60 6 298
805 0 505
892 6 144
60 6 299
147 1 355
991 3 106
226 6 144
392 6 440
94 9 277
599 1 984
226 6 140
426 6 299
526 0 743
443 6 236
44 1 397
991 3 102
620 9 299
810 1 144
182 6 589
143 3 10
43 9 653
735 9 331
993 1 605
526 0 505
205 9 822
205 9 823
912 0 89
191 4 709
810 1 140
191 4 947
861 1 144
147 1 589
861 1 140
644 6 802
644 6 801
353 9 299
616 3 618
443 6 224
372 6 917
319 9 822
228 9 277
904 9 331
319 9 823
999 6 545
37 1 259
289 1 299
285 4 743
289 1 298
203 1 224
482 1 695
37 1 492
434 4 213
434 4 696
614 4 767
147 1 773
596 4 265
697 1 440
685 9 331
912 0 308
425 3 102
125 6 695
907 6 801
159 6 144
438 4 767
425 3 106
202 9 331
159 6 140
37 1 243
285 4 754
203 1 236
912 1 589
37 1 482
957 1 246
482 1 440
912 1 355
353 9 277
596 4 259
443 6 246
44 1 146
125 6 440
912 0 556
0 4 181
907 6 802
228 9 299
805 0 308
115 6 589
203 1 440
892 6 589
927 9 823
895 9 277
37 1 280
742 1 144
912 1 140
861 1 355
927 9 822
814 1 539
742 1 140
912 1 144
392 6 246
614 4 743
872 9 822
872 9 823
115 6 355
526 0 308
182 6 545
700 9 653
999 6 773
953 9 277
982 9 823
810 1 589
993 1 801
285 4 730
982 9 822
203 1 695
147 1 539
195 6 917
460 0 89
999 6 539
814 1 773
226 6 589
687 6 802
601 9 822
687 6 801
601 9 823
147 1 545
226 6 355
614 4 754
392 6 236
526 0 556
861 1 589
742 1 917
730 1 695
124 1 695
438 4 730
909 9 277
701 9 299
939 0 89
895 9 331
285 4 947
861 1 695
434 4 259
64 3 625
912 0 505
241 9 823
111 1 589
596 4 743
241 9 822
44 1 697
912 0 743
838 0 89
124 1 440
614 4 181
735 9 277
60 6 802
60 6 801
907 6 440
687 6 589
912 1 545
730 1 224
353 3 742
957 1 695
330 1 984
268 0 654
861 1 440
64 3 618
285 4 709
687 6 355
434 4 265
847 9 331
697 1 355
596 4 730
125 6 246
509 9 653
159 6 355
482 1 917
805 0 89
438 4 754
592 3 106
907 6 695
601 9 331
353 3 517
909 9 299
701 9 277
600 6 355
592 3 102
991 3 618
685 9 823
730 1 236
124 1 236
685 9 822
0 4 855
904 9 277
587 9 277
262 1 917
957 1 236
638 9 331
552 9 653
786 9 299
600 6 589
999 9 653
991 3 625
620 9 331
697 1 589
125 6 236
159 6 589
596 4 709
735 9 299
438 4 743
907 6 224
596 4 947
139 9 331
0 4 843
64 3 10
124 1 224
730 1 246
957 1 224
111 1 355
125 6 224
644 9 277
159 6 773
425 3 618
331 6 440
837 1 355
289 1 695
552 9 823
687 6 539
552 9 822
904 9 299
616 3 742
431 1 917
392 6 545
111 1 545
125 6 298
114 9 299
195 6 299
195 6 298
125 6 299
167 9 299
555 9 277
592 3 517
837 1 589
202 9 299
425 3 625
867 1 801
372 6 144
687 6 545
289 1 440
124 1 246
372 6 140
596 3 742
948 9 653
867 1 802
722 9 299
426 6 801
111 1 773
147 1 801
275 9 823
147 1 802
392 6 773
614 4 379
275 9 822
159 6 539
375 1 440
616 3 517
111 1 539
392 6 539
426 6 802
952 9 331
491 6 802
680 3 742
491 6 801
289 1 236
762 6 917
331 6 224
912 1 539
999 6 801
999 6 802
697 1 144
957 1 440
697 1 140
66 9 299
234 9 331
837 1 144
44 1 872
596 4 767
114 9 277
837 1 140
375 1 695
159 6 545
322 9 331
167 9 277
229 1 144
319 9 653
202 9 277
289 1 224
182 6 144
680 3 517
438 4 709
331 6 695
600 6 144
892 6 298
229 1 140
660 4 181
438 4 947
600 6 140
892 6 299
927 9 653
722 9 277
455 1 801
455 1 802
814 1 802
912 1 773
687 6 773
814 1 801
596 4 754
182 6 140
375 1 224
262 1 299
262 1 298
203 9 299
872 9 331
115 6 801
509 9 823
991 3 10
115 6 802
460 0 308
979 9 277
667 0 556
600 6 773
344 9 331
892 6 917
762 6 589
667 0 308
66 9 277
509 9 822
242 9 653
375 1 236
353 3 102
878 9 331
289 1 802
289 1 801
837 1 545
372 6 589
226 6 801
226 6 802
460 0 556
353 3 106
182 6 801
993 1 146
182 6 802
762 6 355
920 9 277
644 6 224
722 9 653
999 9 822
999 9 823
742 1 773
375 1 246
203 9 277
838 0 743
229 1 355
0 4 696
241 9 653
228 9 653
838 0 505
191 4 259
907 6 299
592 3 742
907 6 298
979 9 299
616 3 173
0 4 213
372 6 355
491 6 440
203 1 801
993 1 397
867 1 144
616 3 167
644 6 236
44 1 834
229 1 589
810 1 801
810 1 802
875 1 246
867 1 140
431 1 298
431 1 299
37 1 984
319 9 299
275 9 653
203 1 802
44 1 605
331 6 801
920 9 299
644 6 246
331 6 802
371 3 742
455 1 440
191 4 265
875 1 236
912 1 917
372 6 539
318 9 299
907 6 236
443 6 801
460 0 505
443 6 802
372 6 773
762 6 539
948 9 822
460 0 743
948 9 823
111 1 140
587 9 299
205 9 277
762 6 545
111 1 144
616 3 102
687 6 140
667 0 505
616 3 106
687 6 144
195 6 695
599 1 280
907 6 246
372 6 545
957 1 802
353 9 823
667 0 743
353 9 822
319 9 277
957 1 801
60 6 440
330 1 146
927 9 277
5 9 299
875 1 298
861 1 802
875 1 299
861 1 801
353 3 10
195 6 224
644 9 299
680 3 102
680 3 10
392 6 917
242 9 822
242 9 823
318 9 277
191 4 696
191 4 213
837 1 773
0 4 650
0 4 411
379 9 331
680 3 106
939 0 654
837 1 539
644 6 440
205 9 299
195 6 236
330 1 397
600 6 545
159 9 331
229 1 545
375 1 298
375 1 299
730 1 440
555 9 653
170 9 331
0 4 887
143 3 618
644 6 695
592 3 10
143 3 625
600 6 539
599 1 259
762 6 773
44 1 801
5 9 277
229 1 539
599 1 492
195 6 246
--------------------------------------
